DATETIME,price
2013-12-10 10:32:55,
2013-12-10 10:33:19,
2013-12-10 23:00:00,242.12000000000006
2013-12-11 02:31:14,242.12000000000006
2013-12-11 02:31:39,241.73875000000004
2013-12-11 23:00:00,238.87000000000006
2013-12-12 02:31:18,238.87000000000006
2013-12-12 02:31:43,238.07625000000002
2013-12-12 23:00:00,237.37000000000006
2013-12-13 02:31:16,237.37000000000006
2013-12-13 02:31:40,236.20750000000004
2013-12-13 23:00:00,236.96999999999997
2013-12-16 02:31:20,236.96999999999997
2013-12-16 02:31:44,237.24500000000006
2013-12-16 23:00:00,237.17000000000002
2013-12-17 02:31:16,237.17000000000002
2013-12-17 02:31:41,239.55750000000006
2013-12-17 23:00:00,238.71999999999997
2013-12-18 02:31:16,238.71999999999997
2013-12-18 02:31:40,239.39500000000004
2013-12-18 23:00:00,240.07
2013-12-19 02:31:17,240.07
2013-12-19 02:31:42,241.31374999999997
2013-12-19 23:00:00,239.52000000000004
2013-12-20 23:00:00,240.82
2013-12-23 23:00:00,243.21999999999997
2013-12-24 02:31:18,243.21999999999997
2013-12-24 02:31:42,243.39500000000004
2013-12-24 23:00:00,243.62000000000006
2013-12-25 02:31:15,243.62000000000006
2013-12-25 02:31:40,243.62000000000006
2013-12-26 02:31:14,243.62000000000006
2013-12-26 02:31:39,243.89500000000004
2013-12-26 23:00:00,243.17000000000002
2013-12-27 02:31:14,243.17000000000002
2013-12-27 02:31:39,245.29500000000002
2013-12-27 23:00:00,245.52000000000004
2013-12-30 02:31:16,245.52000000000004
2013-12-30 02:31:41,245.64500000000004
2013-12-30 23:00:00,245.71999999999997
2013-12-31 02:31:15,245.71999999999997
2013-12-31 02:31:40,245.71999999999997
2014-01-01 02:31:15,245.71999999999997
2014-01-01 02:31:39,245.71999999999997
2014-01-02 02:31:14,245.71999999999997
2014-01-02 02:31:38,242.5075
2014-01-02 23:00:00,238.46999999999997
2014-01-03 02:31:16,238.46999999999997
2014-01-03 02:31:41,235.295
2014-01-03 23:00:00,235.31999999999996
2014-01-06 23:00:00,235.92000000000002
2014-01-07 02:31:19,235.92000000000002
2014-01-07 02:31:44,237.49500000000006
2014-01-07 23:00:00,237.12000000000006
2014-01-08 02:31:20,237.12000000000006
2014-01-08 02:31:45,237.195
2014-01-08 23:00:00,236.87000000000006
2014-01-09 02:31:16,236.87000000000006
2014-01-09 02:31:42,236.39500000000004
2014-01-09 23:00:00,235.56999999999996
2014-01-10 23:00:00,233.4700000000001
2014-01-13 23:00:00,235.52
2014-01-14 23:00:00,235.02
2014-01-15 23:00:00,235.92000000000002
2014-01-16 23:00:00,236.42000000000002
2014-01-17 02:31:25,236.42000000000002
2014-01-17 02:31:50,234.045
2014-01-17 23:00:00,234.06999999999996
2014-01-20 23:00:00,236.17000000000002
2014-01-21 23:00:00,237.96999999999997
2014-01-22 23:00:00,237.71999999999997
2014-01-23 23:00:00,234.67
2014-01-24 02:31:23,234.67
2014-01-24 02:31:49,233.23250000000004
2014-01-24 23:00:00,233.4700000000001
2014-01-27 02:31:18,233.4700000000001
2014-01-27 02:31:44,228.94500000000005
2014-01-27 23:00:00,230.27000000000004
2014-01-28 23:00:00,231.32000000000005
2014-01-29 23:00:00,234.56999999999996
2014-01-31 09:22:15,234.56999999999996
2014-01-31 09:22:50,234.56999999999996
2014-02-03 06:48:14,234.56999999999996
2014-02-03 06:48:40,234.56999999999996
2014-02-03 06:53:46,234.56999999999996
2014-02-03 06:54:12,234.56999999999996
2014-02-03 06:59:04,234.56999999999996
2014-02-03 06:59:31,234.56999999999996
2014-02-03 07:04:27,234.56999999999996
2014-02-03 07:04:52,234.56999999999996
2014-02-03 07:09:47,234.56999999999996
2014-02-03 07:10:11,234.56999999999996
2014-02-03 07:15:07,234.56999999999996
2014-02-03 07:15:32,234.56999999999996
2014-02-03 07:20:29,234.56999999999996
2014-02-03 07:20:53,234.56999999999996
2014-02-03 07:25:48,234.56999999999996
2014-02-03 07:26:13,234.56999999999996
2014-02-03 07:31:09,234.56999999999996
2014-02-03 07:31:34,234.56999999999996
2014-02-03 07:36:31,234.56999999999996
2014-02-03 07:36:57,234.56999999999996
2014-02-03 07:41:51,234.56999999999996
2014-02-03 07:42:16,234.56999999999996
2014-02-03 07:47:13,234.56999999999996
2014-02-03 07:47:38,234.56999999999996
2014-02-03 07:52:32,234.56999999999996
2014-02-03 07:52:57,234.56999999999996
2014-02-03 07:57:54,234.56999999999996
2014-02-03 07:58:20,234.56999999999996
2014-02-03 08:08:07,234.56999999999996
2014-02-03 08:08:32,234.56999999999996
2014-02-03 08:21:55,234.56999999999996
2014-02-03 08:22:11,234.56999999999996
2014-02-03 08:33:13,234.56999999999996
2014-02-03 08:33:39,234.56999999999996
2014-02-03 08:46:14,234.56999999999996
2014-02-03 08:46:47,234.56999999999996
2014-02-03 23:00:00,230.87000000000006
2014-02-04 01:05:05,230.87000000000006
2014-02-04 01:05:33,226.59500000000006
2014-02-04 02:05:05,226.59500000000006
2014-02-04 02:05:34,226.33875000000006
2014-02-04 03:05:06,226.33875000000006
2014-02-04 03:05:33,225.89500000000004
2014-02-04 04:05:07,225.89500000000004
2014-02-04 04:05:42,225.64500000000004
2014-02-04 05:05:13,225.64500000000004
2014-02-04 05:05:52,225.44500000000005
2014-02-04 06:05:20,225.44500000000005
2014-02-04 06:05:59,225.44500000000005
2014-02-04 07:05:21,225.44500000000005
2014-02-04 07:05:59,225.44500000000005
2014-02-04 08:06:13,225.44500000000005
2014-02-04 08:06:43,225.44500000000005
2014-02-04 23:00:00,226.12000000000006
2014-02-05 01:01:34,226.12000000000006
2014-02-05 01:02:09,227.32000000000005
2014-02-05 02:01:35,227.32000000000005
2014-02-05 02:02:07,227.14500000000004
2014-02-05 03:01:36,227.14500000000004
2014-02-05 03:02:09,226.59500000000006
2014-02-05 04:01:35,226.59500000000006
2014-02-05 04:02:04,227.13250000000005
2014-02-05 05:01:36,227.13250000000005
2014-02-05 05:02:06,227.11166666666668
2014-02-05 06:01:36,227.11166666666668
2014-02-05 06:02:07,226.74500000000006
2014-02-05 07:01:38,226.74500000000006
2014-02-05 07:02:08,226.74500000000006
2014-02-05 08:07:33,226.74500000000006
2014-02-05 08:08:01,226.74500000000006
2014-02-05 23:00:00,226.62000000000006
2014-02-06 23:00:00,228.47000000000006
2014-02-07 01:02:03,228.47000000000006
2014-02-07 01:02:45,229.89500000000004
2014-02-07 23:00:00,230.57000000000005
2014-02-10 23:00:00,230.87000000000006
2014-02-11 01:01:44,230.87000000000006
2014-02-11 01:02:23,230.34500000000006
2014-02-11 02:01:44,230.34500000000006
2014-02-11 02:02:14,230.79500000000004
2014-02-11 03:01:44,230.79500000000004
2014-02-11 03:02:14,232.3450000000001
2014-02-11 04:08:38,232.3450000000001
2014-02-11 04:09:16,232.39500000000007
2014-02-11 05:08:38,232.39500000000007
2014-02-11 05:09:11,232.44500000000002
2014-02-11 23:00:00,231.87000000000006
2014-02-12 01:04:09,231.87000000000006
2014-02-12 01:04:44,232.4950000000001
2014-02-12 02:04:23,232.4950000000001
2014-02-12 02:04:52,233.63250000000002
2014-02-12 03:04:23,233.63250000000002
2014-02-12 03:04:56,233.78250000000006
2014-02-12 04:06:50,233.78250000000006
2014-02-12 04:07:22,233.68250000000003
2014-02-12 05:07:24,233.68250000000003
2014-02-12 05:07:55,232.9950000000001
2014-02-12 23:00:00,232.77000000000007
2014-02-13 01:06:19,232.77000000000007
2014-02-13 01:06:49,232.9700000000001
2014-02-13 02:06:26,232.9700000000001
2014-02-13 02:07:02,231.43250000000006
2014-02-13 03:06:27,231.43250000000006
2014-02-13 03:06:55,231.84500000000008
2014-02-13 04:07:12,231.84500000000008
2014-02-13 04:07:43,232.23875000000007
2014-02-13 05:07:21,232.23875000000007
2014-02-13 05:07:54,231.95750000000004
2014-02-13 23:00:00,230.42000000000004
2014-02-14 01:06:10,230.42000000000004
2014-02-14 01:06:40,233.6200000000001
2014-02-14 02:06:14,233.6200000000001
2014-02-14 02:06:48,233.99500000000003
2014-02-14 03:06:14,233.99500000000003
2014-02-14 03:06:43,234.1075
2014-02-14 04:07:51,234.1075
2014-02-14 04:08:20,233.69499999999996
2014-02-14 05:07:55,233.69499999999996
2014-02-14 05:08:25,233.84500000000006
2014-02-14 23:00:00,233.87000000000003
2014-02-17 01:01:24,233.87000000000003
2014-02-17 01:01:51,234.74500000000003
2014-02-17 02:01:24,234.74500000000003
2014-02-17 02:01:51,234.795
2014-02-17 03:01:24,234.795
2014-02-17 03:01:55,234.47000000000006
2014-02-17 04:07:24,234.47000000000006
2014-02-17 04:07:53,234.395
2014-02-17 05:07:32,234.395
2014-02-17 05:08:01,234.09500000000006
2014-02-17 23:00:00,233.97000000000006
2014-02-18 23:00:00,234.06999999999996
2014-02-19 01:06:02,234.06999999999996
2014-02-19 01:06:29,231.93250000000006
2014-02-19 02:06:02,231.93250000000006
2014-02-19 02:06:27,232.6825000000001
2014-02-19 23:00:00,232.27000000000007
2014-02-20 01:04:50,232.27000000000007
2014-02-20 01:05:25,231.41375000000005
2014-02-20 02:04:50,231.41375000000005
2014-02-20 02:05:22,231.24500000000006
2014-02-20 03:04:51,231.24500000000006
2014-02-20 03:05:26,230.94500000000005
2014-02-20 04:07:14,230.94500000000005
2014-02-20 04:07:48,231.19500000000005
2014-02-20 05:07:30,231.19500000000005
2014-02-20 05:08:09,231.34500000000008
2014-02-20 23:00:00,231.37000000000006
2014-02-21 01:04:30,231.37000000000006
2014-02-21 01:05:00,234.34500000000006
2014-02-21 02:04:30,234.34500000000006
2014-02-21 02:04:59,234.60124999999996
2014-02-21 03:04:30,234.60124999999996
2014-02-21 03:05:09,235.145
2014-02-21 04:07:07,235.145
2014-02-21 04:07:44,234.94499999999996
2014-02-21 05:07:08,234.94499999999996
2014-02-21 05:07:44,235.09499999999994
2014-02-21 23:00:00,234.96999999999994
2014-02-24 01:01:36,234.96999999999994
2014-02-24 01:02:04,235.49500000000003
2014-02-24 02:01:37,235.49500000000003
2014-02-24 02:02:02,234.545
2014-02-24 03:01:36,234.545
2014-02-24 03:02:01,233.9825
2014-02-24 04:03:24,233.9825
2014-02-24 04:03:49,234.09500000000006
2014-02-24 05:16:02,234.09500000000006
2014-02-24 05:16:27,234.295
2014-02-24 23:00:00,234.52
2014-02-25 01:01:52,234.52
2014-02-25 01:02:16,236.445
2014-02-25 01:31:52,236.445
2014-02-25 01:32:21,236.7616666666667
2014-02-25 02:01:52,236.7616666666667
2014-02-25 02:02:21,236.57
2014-02-25 02:31:52,236.57
2014-02-25 02:32:18,236.54500000000002
2014-02-25 03:01:53,236.54500000000002
2014-02-25 03:02:23,236.74500000000006
2014-02-25 03:31:54,236.74500000000006
2014-02-25 03:32:25,236.695
2014-02-25 04:01:54,236.695
2014-02-25 04:02:24,236.74500000000006
2014-02-25 04:31:54,236.74500000000006
2014-02-25 04:32:21,236.695
2014-02-25 05:01:57,236.695
2014-02-25 05:02:27,236.945
2014-02-25 08:08:02,236.945
2014-02-25 08:08:32,236.945
2014-02-25 08:59:23,236.945
2014-02-25 08:59:55,236.945
2014-02-25 23:00:00,236.37000000000006
2014-02-26 01:02:00,236.37000000000006
2014-02-26 01:02:32,235.7075
2014-02-26 01:32:00,235.7075
2014-02-26 01:32:29,235.84499999999997
2014-02-26 02:02:00,235.84499999999997
2014-02-26 02:02:29,236.49500000000006
2014-02-26 02:32:00,236.49500000000006
2014-02-26 02:32:32,236.73250000000002
2014-02-26 03:02:00,236.73250000000002
2014-02-26 03:02:31,237.14500000000004
2014-02-26 03:32:08,237.14500000000004
2014-02-26 03:32:40,237.09499999999997
2014-02-26 04:02:08,237.09499999999997
2014-02-26 04:02:41,236.99500000000006
2014-02-26 04:32:08,236.99500000000006
2014-02-26 04:32:37,237.195
2014-02-26 05:02:08,237.195
2014-02-26 05:02:38,237.45750000000004
2014-02-26 05:32:09,237.45750000000004
2014-02-26 05:32:45,237.43250000000006
2014-02-26 06:11:09,237.43250000000006
2014-02-26 06:11:38,237.43250000000006
2014-02-26 06:55:08,237.43250000000006
2014-02-26 06:55:34,237.43250000000006
2014-02-26 07:36:25,237.43250000000006
2014-02-26 07:36:52,237.43250000000006
2014-02-26 08:17:45,237.43250000000006
2014-02-26 08:18:11,237.43250000000006
2014-02-26 08:59:10,237.43250000000006
2014-02-26 08:59:39,237.43250000000006
2014-02-26 23:00:00,237.32
2014-02-27 06:44:06,237.32
2014-02-27 06:44:31,237.32
2014-02-27 07:19:18,237.32
2014-02-27 07:19:44,237.32
2014-02-27 07:53:59,237.32
2014-02-27 07:54:25,237.32
2014-02-27 08:26:41,237.32
2014-02-27 08:27:07,237.32
2014-02-27 23:00:00,237.77000000000004
2014-02-28 01:01:49,237.77000000000004
2014-02-28 01:02:14,237.79500000000002
2014-02-28 01:31:49,237.79500000000002
2014-02-28 01:32:14,238.85750000000002
2014-02-28 02:01:49,238.85750000000002
2014-02-28 02:02:14,238.74500000000006
2014-02-28 02:31:49,238.74500000000006
2014-02-28 02:32:14,238.695
2014-02-28 03:01:49,238.695
2014-02-28 03:02:15,238.84499999999997
2014-02-28 03:31:49,238.84499999999997
2014-02-28 03:32:15,237.79500000000002
2014-02-28 04:01:49,237.79500000000002
2014-02-28 04:02:14,238.14500000000004
2014-02-28 04:31:49,238.14500000000004
2014-02-28 04:32:14,237.39500000000004
2014-02-28 05:01:49,237.39500000000004
2014-02-28 05:02:14,237.52000000000004
2014-02-28 05:31:49,237.52000000000004
2014-02-28 05:32:15,237.92000000000002
2014-02-28 06:40:35,237.92000000000002
2014-02-28 06:40:59,237.92000000000002
2014-02-28 07:15:35,237.92000000000002
2014-02-28 07:16:02,237.92000000000002
2014-02-28 07:50:23,237.92000000000002
2014-02-28 07:50:48,237.92000000000002
2014-02-28 08:25:13,237.92000000000002
2014-02-28 08:25:40,237.92000000000002
2014-02-28 09:00:04,237.92000000000002
2014-02-28 09:00:29,237.92000000000002
2014-02-28 23:00:00,237.57
2014-03-03 23:00:00,235.92000000000002
2014-03-04 01:01:59,235.92000000000002
2014-03-04 01:02:26,235.59499999999994
2014-03-04 01:31:59,235.59499999999994
2014-03-04 01:32:28,235.67
2014-03-04 02:01:59,235.67
2014-03-04 02:02:26,235.395
2014-03-04 02:32:00,235.395
2014-03-04 02:32:28,235.395
2014-03-04 03:02:00,235.395
2014-03-04 03:02:25,235.145
2014-03-04 03:32:00,235.145
2014-03-04 03:32:27,235.24500000000003
2014-03-04 04:02:01,235.24500000000003
2014-03-04 04:02:28,235.24500000000003
2014-03-04 04:32:01,235.24500000000003
2014-03-04 04:32:27,235.24500000000003
2014-03-04 23:00:00,235.92000000000002
2014-03-05 23:00:00,237.17000000000002
2014-03-06 01:01:58,237.17000000000002
2014-03-06 01:02:35,237.49500000000006
2014-03-06 01:32:09,237.49500000000006
2014-03-06 01:32:41,237.49500000000006
2014-03-06 02:02:12,237.49500000000006
2014-03-06 02:02:47,237.46166666666664
2014-03-06 02:32:12,237.46166666666664
2014-03-06 02:32:51,237.39500000000004
2014-03-06 03:02:19,237.39500000000004
2014-03-06 03:02:56,237.445
2014-03-06 03:32:20,237.445
2014-03-06 03:32:56,237.67000000000002
2014-03-06 04:02:19,237.67000000000002
2014-03-06 04:02:54,237.64500000000004
2014-03-06 04:32:20,237.64500000000004
2014-03-06 04:32:53,237.77000000000004
2014-03-06 05:02:20,237.77000000000004
2014-03-06 05:02:56,237.79500000000002
2014-03-06 23:00:00,237.67000000000002
2014-03-07 01:02:00,237.67000000000002
2014-03-07 01:02:32,238.74500000000006
2014-03-07 01:32:12,238.74500000000006
2014-03-07 01:32:41,238.2575
2014-03-07 02:02:16,238.2575
2014-03-07 02:03:10,238.445
2014-03-07 02:32:16,238.445
2014-03-07 02:32:48,238.52000000000004
2014-03-07 03:02:20,238.52000000000004
2014-03-07 03:02:54,238.29500000000002
2014-03-07 03:32:20,238.29500000000002
2014-03-07 03:32:54,237.84499999999997
2014-03-07 04:02:20,237.84499999999997
2014-03-07 04:03:03,237.60750000000002
2014-03-07 04:32:20,237.60750000000002
2014-03-07 04:32:55,236.64500000000004
2014-03-07 05:02:21,236.64500000000004
2014-03-07 05:02:58,236.92000000000002
2014-03-07 23:00:00,237.27000000000004
2014-03-10 23:00:00,234.02
2014-03-11 23:00:00,234.92
2014-03-12 01:06:17,234.92
2014-03-12 01:38:18,234.92
2014-03-12 02:10:17,234.92
2014-03-12 02:42:09,234.92
2014-03-12 03:14:08,234.92
2014-03-12 03:46:01,234.92
2014-03-12 04:19:20,234.92
2014-03-12 04:51:19,234.92
2014-03-12 05:23:20,234.92
2014-03-12 23:00:00,230.77000000000004
2014-03-13 23:00:00,231.52000000000004
2014-03-14 23:00:00,231.52000000000004
2014-03-17 01:01:39,229.43250000000006
2014-03-17 01:32:56,229.40750000000006
2014-03-17 02:04:13,229.45750000000004
2014-03-17 02:35:41,229.54500000000004
2014-03-17 03:07:01,229.59500000000006
2014-03-17 03:39:20,229.4950000000001
2014-03-17 04:10:40,229.59500000000006
2014-03-17 04:42:05,229.54500000000004
2014-03-17 05:13:30,229.69500000000005
2014-03-17 23:00:00,230.02000000000004
2014-03-18 01:01:17,231.54500000000002
2014-03-18 01:33:13,231.03250000000006
2014-03-18 02:59:54,230.65750000000006
2014-03-18 23:00:00,230.65750000000006
2014-03-19 01:01:46,232.5950000000001
2014-03-19 01:32:58,232.54500000000004
2014-03-19 02:04:20,231.89500000000004
2014-03-19 02:35:49,231.89500000000004
2014-03-19 03:06:58,231.95750000000004
2014-03-19 03:38:12,231.55500000000006
2014-03-19 04:09:24,231.74500000000006
2014-03-19 04:40:36,232.44500000000002
2014-03-19 05:11:50,232.3450000000001
2014-03-19 23:00:00,231.72000000000008
2014-03-20 01:01:30,229.30750000000006
2014-03-20 01:33:32,228.64500000000004
2014-03-20 02:06:39,229.09500000000006
2014-03-20 02:38:41,228.84500000000006
2014-03-20 23:00:00,228.57000000000005
2014-03-21 01:01:22,229.95750000000004
2014-03-21 01:33:26,229.77000000000004
2014-03-21 02:05:44,229.64500000000004
2014-03-21 02:41:30,230.09500000000006
2014-03-21 03:16:56,229.89500000000004
2014-03-21 23:00:00,230.52000000000004
2014-03-24 23:00:00,230.52000000000004
2014-03-25 01:01:30,231.58250000000004
2014-03-25 01:32:54,232.05750000000006
2014-03-25 02:04:16,231.89500000000004
2014-03-25 02:35:36,231.99500000000006
2014-03-25 03:06:53,232.19500000000002
2014-03-25 03:38:07,232.29500000000004
2014-03-25 04:09:19,232.39500000000007
2014-03-25 04:40:45,232.2450000000001
2014-03-25 05:12:06,231.60750000000002
2014-03-25 23:00:00,231.87000000000006
2014-03-26 01:01:19,234.18250000000003
2014-03-26 01:33:12,234.31499999999997
2014-03-26 02:06:52,234.69499999999996
2014-03-26 02:41:37,234.69499999999996
2014-03-26 03:15:05,234.795
2014-03-26 23:00:00,235.27
2014-03-27 01:01:16,235.4825
2014-03-27 02:03:15,235.84499999999997
2014-03-27 03:06:11,235.44499999999996
2014-03-27 04:09:22,235.92000000000002
2014-03-27 05:11:03,236.84499999999997
2014-03-27 23:00:00,236.37000000000006
2014-03-28 01:11:59,236.695
2014-03-28 02:15:06,237.28500000000003
2014-03-28 03:16:46,237.24500000000006
2014-03-28 04:19:42,236.79500000000002
2014-03-28 05:21:06,237.02625000000006
2014-03-28 23:00:00,236.67000000000002
2014-03-31 01:01:32,237.83250000000004
2014-03-31 02:03:07,237.74500000000006
2014-03-31 03:04:23,237.74500000000006
2014-03-31 04:05:34,237.11999999999995
2014-03-31 05:07:04,237.43250000000006
2014-03-31 23:00:00,237.21999999999997
2014-04-01 23:00:00,238.67000000000002
2014-04-02 01:01:16,239.74500000000006
2014-04-02 02:02:42,239.29500000000002
2014-04-02 03:04:44,239.34499999999997
2014-04-02 04:06:50,239.24500000000006
2014-04-02 05:08:06,239.29500000000002
2014-04-02 23:00:00,239.32
2014-04-03 23:00:00,239.52000000000004
2014-04-04 23:00:00,240.21999999999997
2014-04-07 23:00:00,239.37000000000006
2014-04-08 01:01:29,238.45750000000004
2014-04-08 02:03:00,239.49500000000006
2014-04-08 03:04:36,240.50500000000005
2014-04-08 04:09:51,240.54500000000002
2014-04-08 05:11:37,240.99500000000006
2014-04-08 23:00:00,240.99500000000006
2014-04-09 23:00:00,240.99500000000006
2014-04-10 23:00:00,240.99500000000006
2014-04-11 01:05:03,239.39500000000004
2014-04-11 02:08:43,239.04500000000002
2014-04-11 03:10:28,239.79500000000002
2014-04-11 04:15:55,239.59499999999997
2014-04-11 23:00:00,239.67000000000002
2014-04-14 01:01:35,239.42000000000002
2014-04-14 02:02:51,240.04500000000002
2014-04-14 03:04:12,240.89500000000004
2014-04-14 04:05:31,240.49500000000006
2014-04-14 23:00:00,240.57
2014-04-15 01:14:14,240.89500000000004
2014-04-15 02:16:27,240.21999999999997
2014-04-15 03:18:43,240.0075
2014-04-15 04:25:26,239.34499999999997
2014-04-15 05:28:20,239.34499999999997
2014-04-15 23:00:00,239.42000000000002
2014-04-16 01:13:56,239.04500000000002
2014-04-16 02:16:43,238.34499999999997
2014-04-16 03:18:32,239.59499999999997
2014-04-16 04:25:37,240.195
2014-04-16 05:28:31,240.09499999999997
2014-04-16 23:00:00,240.07
2014-04-17 01:09:33,240.695
2014-04-17 02:12:39,239.695
2014-04-17 03:17:30,239.1325
2014-04-17 04:22:52,239.195
2014-04-17 05:27:49,239.195
2014-04-17 23:00:00,239.67000000000002
2014-04-18 23:00:00,241.57
2014-04-21 23:00:00,241.21999999999997
2014-04-22 23:00:00,241.07
2014-04-23 23:00:00,240.77000000000004
2014-04-24 23:00:00,240.07
2014-04-25 23:00:00,236.62000000000006
2014-04-28 02:02:11,236.52000000000004
2014-04-28 03:19:37,237.14500000000004
2014-04-28 04:30:14,237.195
2014-04-28 23:00:00,237.195
2014-04-29 01:04:43,236.89500000000004
2014-04-29 23:00:00,236.89500000000004
2014-04-30 01:05:01,236.00124999999997
2014-04-30 02:17:33,235.99500000000006
2014-04-30 03:23:35,235.74500000000003
2014-04-30 04:35:56,235.05750000000003
2014-04-30 23:00:00,234.22000000000006
2014-05-02 23:00:00,234.52
2014-05-07 01:01:22,234.545
2014-05-07 02:03:20,233.14500000000007
2014-05-07 03:08:23,231.84500000000008
2014-05-07 04:13:26,231.29500000000004
2014-05-07 05:16:26,231.29500000000004
2014-05-07 23:00:00,231.27000000000004
2014-05-08 01:01:22,231.75125000000008
2014-05-08 02:03:31,231.40500000000003
2014-05-08 03:05:22,231.20750000000004
2014-05-08 04:10:13,231.55750000000006
2014-05-08 23:00:00,232.67000000000004
2014-05-09 01:01:23,232.4950000000001
2014-05-09 02:03:30,232.8450000000001
2014-05-09 03:05:33,232.94500000000002
2014-05-09 04:09:59,232.4950000000001
2014-05-09 23:00:00,232.82000000000002
2014-05-12 01:01:19,232.60750000000004
2014-05-12 02:03:14,232.89500000000007
2014-05-12 03:04:47,232.5950000000001
2014-05-12 04:06:22,234.13249999999996
2014-05-12 05:08:06,234.13249999999996
2014-05-12 23:00:00,234.56999999999996
2014-05-13 01:01:27,235.56999999999996
2014-05-13 02:03:25,237.39500000000004
2014-05-13 03:05:45,238.15749999999997
2014-05-13 04:09:36,238.02000000000004
2014-05-13 05:12:48,238.54500000000002
2014-05-13 23:00:00,238.07
2014-05-14 01:01:18,238.59499999999997
2014-05-14 02:03:21,240.04500000000002
2014-05-14 03:05:23,240.30750000000006
2014-05-14 04:09:55,240.24500000000006
2014-05-14 05:12:45,241.09499999999997
2014-05-14 23:00:00,241.87000000000006
2014-05-15 01:01:26,241.60750000000002
2014-05-15 02:03:38,242.09499999999997
2014-05-15 03:06:26,242.21999999999997
2014-05-15 04:10:30,241.99500000000006
2014-05-15 05:12:31,241.89500000000004
2014-05-15 23:00:00,241.67000000000002
2014-05-16 01:01:18,240.77000000000004
2014-05-16 02:03:25,241.04500000000002
2014-05-16 03:09:19,240.74500000000006
2014-05-16 04:19:23,240.695
2014-05-16 05:23:34,241.04500000000002
2014-05-16 23:00:00,241.71999999999997
2014-05-19 01:01:28,241.83250000000004
2014-05-19 02:02:40,241.43250000000006
2014-05-19 03:03:51,241.34499999999997
2014-05-19 04:04:56,241.74500000000006
2014-05-19 23:00:00,241.77000000000004
2014-05-20 01:01:17,241.42625000000004
2014-05-20 02:03:06,241.46999999999997
2014-05-20 03:05:11,241.695
2014-05-20 04:07:03,241.84499999999997
2014-05-20 05:08:39,241.99500000000006
2014-05-20 23:00:00,241.62000000000006
2014-05-21 01:01:25,240.74500000000006
2014-05-21 02:03:46,241.52000000000004
2014-05-21 03:06:14,242.09499999999997
2014-05-21 04:07:55,243.08250000000004
2014-05-21 05:11:02,241.40749999999997
2014-05-21 23:00:00,241.92000000000002
2014-05-22 01:01:22,242.95750000000004
2014-05-22 02:03:29,242.93250000000006
2014-05-22 03:08:12,243.34499999999997
2014-05-22 04:12:09,243.54500000000002
2014-05-22 23:00:00,242.92000000000002
2014-05-23 01:01:24,242.60750000000002
2014-05-23 02:03:48,242.89500000000004
2014-05-23 03:06:17,243.24500000000006
2014-05-23 04:10:12,242.89500000000004
2014-05-23 05:12:47,242.945
2014-05-23 23:00:00,242.67000000000002
2014-05-26 01:02:05,242.54500000000002
2014-05-26 02:04:21,242.34499999999997
2014-05-26 03:10:17,242.68250000000006
2014-05-26 04:14:39,242.54500000000002
2014-05-26 05:21:47,242.39500000000004
2014-05-26 23:00:00,241.96999999999997
2014-05-27 01:01:23,242.28250000000008
2014-05-27 02:05:04,241.99500000000006
2014-05-27 03:18:04,239.42000000000002
2014-05-27 04:27:53,239.24500000000006
2014-05-27 23:00:00,239.24500000000006
2014-05-28 01:02:05,239.56374999999997
2014-05-28 02:03:51,241.24500000000006
2014-05-28 03:05:44,241.28250000000008
2014-05-28 04:07:35,241.31374999999997
2014-05-28 05:09:13,241.945
2014-05-28 23:00:00,242.37000000000006
2014-05-29 01:01:26,242.74500000000006
2014-05-29 02:03:41,242.195
2014-05-29 03:08:43,242.445
2014-05-29 04:12:56,242.24500000000006
2014-05-29 05:15:22,242.195
2014-05-29 23:00:00,241.92000000000002
2014-05-30 01:01:23,241.93250000000006
2014-05-30 02:03:26,240.39500000000004
2014-05-30 03:06:15,242.32
2014-05-30 04:09:34,241.43250000000006
2014-05-30 05:12:29,240.79500000000002
2014-05-30 23:00:00,240.79500000000002
2014-06-02 01:02:01,240.18250000000006
2014-06-02 02:03:51,240.39500000000004
2014-06-02 03:05:31,240.3825
2014-06-02 04:07:12,240.39500000000004
2014-06-02 23:00:00,240.32
2014-06-03 01:01:33,240.3825
2014-06-03 02:03:45,240.14500000000004
2014-06-03 03:06:09,239.79500000000002
2014-06-03 04:08:23,239.89500000000004
2014-06-03 23:00:00,240.42000000000002
2014-06-05 23:00:00,238.71999999999997
2014-06-09 01:07:59,241.195
2014-06-09 02:08:49,240.59499999999997
2014-06-09 03:09:35,239.79500000000002
2014-06-09 04:10:28,239.79500000000002
2014-06-09 05:11:30,239.34499999999997
2014-06-09 23:00:00,238.82
2014-06-10 01:07:51,240.24499999999995
2014-06-10 02:08:43,240.14500000000004
2014-06-10 03:09:34,240.195
2014-06-10 04:10:41,240.54500000000002
2014-06-10 23:00:00,241.52000000000004
2014-06-11 01:07:51,241.09499999999997
2014-06-11 02:08:34,241.34499999999997
2014-06-11 03:09:28,241.99499999999995
2014-06-11 04:10:17,241.39500000000004
2014-06-11 05:11:03,241.445
2014-06-11 23:00:00,241.21999999999997
2014-06-12 23:00:00,240.42000000000002
2014-06-13 23:00:00,236.71999999999997
2014-06-16 01:06:12,236.445
2014-06-16 02:08:44,236.79500000000002
2014-06-16 03:09:34,236.99500000000006
2014-06-16 04:10:25,237.59500000000008
2014-06-16 05:11:17,237.64500000000004
2014-06-16 23:00:00,237.64500000000004
2014-06-17 04:07:38,238.29500000000002
2014-06-17 05:09:02,238.34500000000008
2014-06-17 23:00:00,238.67000000000002
2014-06-18 04:03:27,237.79500000000002
2014-06-18 05:05:17,237.29500000000002
2014-06-18 23:00:00,237.17000000000002
2014-06-19 01:05:34,238.14500000000004
2014-06-19 02:08:08,238.09500000000008
2014-06-19 03:12:39,237.445
2014-06-19 04:30:51,237.14500000000004
2014-06-19 23:00:00,237.77000000000004
2014-06-20 01:09:26,236.29500000000002
2014-06-20 02:11:07,235.34500000000006
2014-06-20 03:12:33,234.69499999999996
2014-06-20 04:13:42,234.545
2014-06-20 05:14:36,233.84500000000006
2014-06-20 23:00:00,233.92
2014-06-23 01:08:44,234.74500000000003
2014-06-23 02:10:06,235.145
2014-06-23 03:11:31,235.645
2014-06-23 04:12:22,235.49500000000003
2014-06-23 05:13:35,235.44499999999996
2014-06-23 23:00:00,235.31999999999996
2014-06-24 01:07:22,235.81999999999996
2014-06-24 02:08:59,236.84500000000008
2014-06-24 03:10:57,238.445
2014-06-24 04:13:23,238.39500000000004
2014-06-24 05:14:32,238.74500000000006
2014-06-24 23:00:00,238.32
2014-06-25 23:00:00,236.42000000000002
2014-06-26 01:21:36,238.39500000000004
2014-06-26 04:31:14,238.445
2014-06-26 23:00:00,238.42000000000002
2014-06-27 23:00:00,237.82
2014-06-30 04:59:13,238.64500000000004
2014-06-30 23:00:00,238.17000000000002
2014-07-01 23:00:00,238.21999999999997
2014-07-02 23:00:00,240.17000000000002
2014-07-03 05:12:53,240.04500000000002
2014-07-03 23:00:00,240.04500000000002
2014-07-04 02:16:54,240.195
2014-07-04 03:00:51,240.09500000000008
2014-07-04 03:36:15,240.24500000000006
2014-07-04 04:13:47,239.74500000000006
2014-07-04 04:49:09,239.74500000000006
2014-07-04 05:11:47,239.445
2014-07-04 23:00:00,239.42000000000002
2014-07-07 02:15:24,238.59500000000008
2014-07-07 02:58:47,237.695
2014-07-07 03:25:19,237.74500000000006
2014-07-07 03:51:35,237.14500000000004
2014-07-07 04:42:38,237.34500000000008
2014-07-07 05:06:33,237.59500000000008
2014-07-07 05:30:18,237.49500000000006
2014-07-07 23:00:00,237.96999999999997
2014-07-08 02:14:11,237.74500000000006
2014-07-08 02:50:29,237.74500000000006
2014-07-08 03:20:21,236.99500000000006
2014-07-08 03:49:26,236.84500000000008
2014-07-08 04:18:36,237.195
2014-07-08 04:44:24,237.59500000000008
2014-07-08 05:13:13,237.445
2014-07-08 23:00:00,237.71999999999997
2014-07-09 02:13:18,236.39500000000004
2014-07-09 03:15:13,236.39500000000004
2014-07-09 04:16:43,236.445
2014-07-09 05:18:03,236.29500000000002
2014-07-09 23:00:00,236.62000000000006
2014-07-10 02:15:17,237.39500000000004
2014-07-10 03:16:42,237.29500000000002
2014-07-10 04:17:52,237.695
2014-07-10 05:22:01,237.49500000000006
2014-07-10 23:00:00,237.07
2014-07-11 02:15:31,234.895
2014-07-11 03:17:35,235.49500000000003
2014-07-11 04:20:04,234.99500000000003
2014-07-11 05:21:18,234.74500000000003
2014-07-11 23:00:00,234.92
2014-07-14 02:11:30,235.795
2014-07-14 03:12:25,236.695
2014-07-14 04:13:18,236.34500000000008
2014-07-14 05:14:09,236.14500000000004
2014-07-14 23:00:00,235.77
2014-07-15 02:15:11,238.49500000000006
2014-07-15 03:17:10,238.49500000000006
2014-07-15 04:19:32,238.64500000000004
2014-07-15 05:21:19,238.79500000000002
2014-07-15 23:00:00,238.67000000000002
2014-07-16 02:17:15,239.24500000000006
2014-07-16 03:19:50,239.14500000000004
2014-07-16 04:21:44,238.89500000000004
2014-07-16 05:23:06,238.89500000000004
2014-07-16 23:00:00,239.07
2014-07-17 02:17:25,240.49500000000006
2014-07-17 03:19:16,240.74500000000006
2014-07-17 04:21:48,240.84500000000008
2014-07-17 05:23:43,240.54500000000002
2014-07-17 23:00:00,239.77000000000004
2014-07-18 02:18:40,238.89500000000004
2014-07-18 03:20:50,239.09500000000008
2014-07-18 04:22:46,239.04500000000002
2014-07-18 05:24:18,239.04500000000002
2014-07-18 23:00:00,239.42000000000002
2014-07-21 02:20:49,241.445
2014-07-21 03:22:18,240.695
2014-07-21 04:23:43,240.39500000000004
2014-07-21 05:24:48,240.04500000000002
2014-07-21 23:00:00,239.46999999999997
2014-07-22 02:19:29,240.195
2014-07-22 03:20:50,240.74500000000006
2014-07-22 04:22:37,240.99500000000006
2014-07-22 05:24:26,241.14500000000004
2014-07-22 23:00:00,241.27000000000004
2014-07-23 02:19:51,241.54500000000002
2014-07-23 03:21:54,241.195
2014-07-23 04:23:41,241.29500000000002
2014-07-23 05:25:25,240.99500000000006
2014-07-23 23:00:00,240.87000000000006
2014-07-24 02:20:28,241.59500000000008
2014-07-24 03:22:45,241.54500000000002
2014-07-24 04:24:26,241.14500000000004
2014-07-24 05:25:51,240.79500000000002
2014-07-24 23:00:00,241.32
2014-07-25 02:20:20,241.89500000000004
2014-07-25 03:22:36,241.695
2014-07-25 04:24:58,241.74500000000006
2014-07-25 05:26:38,241.89500000000004
2014-07-25 23:00:00,241.89500000000004
2014-07-28 02:21:49,242.74500000000006
2014-07-28 03:23:27,243.445
2014-07-28 04:24:42,244.04500000000002
2014-07-28 05:25:35,244.54500000000002
2014-07-28 23:00:00,244.17000000000002
2014-07-29 02:20:19,246.89500000000004
2014-07-29 03:23:17,246.695
2014-07-29 04:24:58,246.74500000000006
2014-07-29 05:26:16,246.84500000000008
2014-07-29 23:00:00,246.84500000000008
2014-07-30 02:21:53,249.445
2014-07-30 03:23:50,249.74500000000006
2014-07-30 04:24:44,249.945
2014-07-30 05:26:08,251.39500000000004
2014-07-30 23:00:00,251.39500000000004
2014-07-31 02:21:17,249.62000000000006
2014-07-31 03:22:50,249.34500000000008
2014-07-31 04:24:26,249.14500000000004
2014-07-31 05:26:58,248.74500000000006
2014-07-31 23:00:00,248.92000000000002
2014-08-01 23:00:00,247.67000000000002
2014-08-04 23:00:00,247.17000000000002
2014-08-05 23:00:00,245.71999999999997
2014-08-06 23:00:00,245.07
2014-08-07 23:00:00,243.52000000000004
2014-08-08 02:10:05,241.89500000000004
2014-08-08 03:12:18,240.39500000000004
2014-08-08 04:13:48,240.54500000000002
2014-08-08 05:15:29,240.29500000000002
2014-08-08 23:00:00,240.29500000000002
2014-08-11 02:16:09,241.54500000000002
2014-08-11 03:17:24,242.09500000000008
2014-08-11 04:18:58,242.24500000000006
2014-08-11 05:20:13,242.14500000000004
2014-08-11 23:00:00,242.07
2014-08-12 02:20:57,242.54500000000002
2014-08-12 03:23:08,242.64500000000004
2014-08-12 04:24:55,242.14500000000004
2014-08-12 05:26:17,242.24500000000006
2014-08-12 23:00:00,241.77000000000004
2014-08-13 02:24:02,242.195
2014-08-13 03:26:19,242.54500000000002
2014-08-13 04:28:37,242.49500000000006
2014-08-13 05:30:25,242.79500000000002
2014-08-13 23:00:00,243.62000000000006
2014-08-14 03:59:11,244.24500000000006
2014-08-14 05:00:46,243.89500000000004
2014-08-14 23:00:00,244.27000000000004
2014-08-18 04:00:04,242.195
2014-08-18 05:01:16,242.695
2014-08-18 23:00:00,242.32
2014-08-19 03:59:21,245.14500000000004
2014-08-19 05:01:21,244.945
2014-08-19 23:00:00,244.96999999999997
2014-08-20 04:00:07,244.39500000000004
2014-08-20 05:01:26,244.39500000000004
2014-08-20 23:00:00,244.39500000000004
2014-08-21 04:00:49,240.445
2014-08-21 05:03:11,239.945
2014-08-21 23:00:00,239.87000000000006
2014-08-22 04:01:40,242.04500000000002
2014-08-22 05:03:13,241.84500000000008
2014-08-22 23:00:00,241.87000000000006
2014-08-25 03:54:29,242.09500000000008
2014-08-25 04:55:25,242.39500000000004
2014-08-25 23:00:00,242.46999999999997
2014-08-26 03:58:38,244.14500000000004
2014-08-26 05:00:24,243.99500000000006
2014-08-26 23:00:00,243.57
2014-08-27 01:16:48,244.14500000000004
2014-08-27 02:18:02,244.39500000000004
2014-08-27 03:19:57,244.84500000000008
2014-08-27 04:21:29,244.14500000000004
2014-08-27 05:23:31,243.79500000000002
2014-08-27 23:00:00,243.77000000000004
2014-08-28 01:17:57,244.84500000000008
2014-08-28 02:19:38,246.195
2014-08-28 03:22:00,245.445
2014-08-28 04:24:03,244.89500000000004
2014-08-28 05:25:06,244.64500000000004
2014-08-28 23:00:00,244.07
2014-08-29 01:23:24,242.24500000000006
2014-08-29 02:24:52,243.04500000000002
2014-08-29 03:27:22,242.49500000000006
2014-08-29 04:29:13,243.04500000000002
2014-08-29 05:30:53,242.99500000000006
2014-08-29 23:00:00,242.82
2014-09-01 23:00:00,242.62000000000006
2014-09-02 23:00:00,240.21999999999997
2014-09-03 01:23:21,239.79500000000002
2014-09-03 02:25:15,238.34500000000008
2014-09-03 03:27:03,239.74500000000006
2014-09-03 04:28:31,239.29500000000002
2014-09-03 05:30:17,238.99500000000006
2014-09-03 23:00:00,239.67000000000002
2014-09-04 01:24:59,241.04500000000002
2014-09-04 02:26:29,240.84500000000008
2014-09-04 03:28:51,240.24500000000006
2014-09-04 04:33:07,240.49500000000006
2014-09-04 23:00:00,240.21999999999997
2014-09-05 01:24:05,240.39500000000004
2014-09-05 02:25:21,239.945
2014-09-05 03:27:46,238.64500000000004
2014-09-05 04:29:08,238.84500000000008
2014-09-05 05:30:32,238.89500000000004
2014-09-05 23:00:00,239.17000000000002
2014-09-11 01:27:11,239.04500000000002
2014-09-11 02:28:31,238.945
2014-09-11 03:30:17,238.54500000000002
2014-09-11 04:32:06,238.84500000000008
2014-09-11 23:00:00,238.27000000000004
2014-09-12 23:00:00,239.32
2014-09-15 01:25:07,237.79500000000002
2014-09-15 02:26:16,238.34500000000008
2014-09-15 03:28:00,238.34500000000008
2014-09-15 04:29:17,238.695
2014-09-15 23:00:00,238.57
2014-09-16 01:26:51,238.695
2014-09-16 02:28:09,239.195
2014-09-16 03:30:02,239.39500000000004
2014-09-16 04:31:24,239.34500000000008
2014-09-16 23:00:00,239.07
2014-09-17 01:25:29,241.195
2014-09-17 02:28:24,241.695
2014-09-17 03:32:01,241.49500000000006
2014-09-17 04:46:02,241.74500000000006
2014-09-17 23:00:00,241.82
2014-09-18 02:36:37,240.99500000000006
2014-09-18 03:40:34,240.09500000000008
2014-09-18 04:44:04,240.29500000000002
2014-09-18 23:00:00,240.57
2014-09-19 01:01:19,241.39500000000004
2014-09-19 02:02:36,240.89500000000004
2014-09-19 03:05:29,241.64500000000004
2014-09-19 04:06:58,241.09500000000008
2014-09-19 05:09:11,241.195
2014-09-19 23:00:00,241.195
2014-09-22 01:01:29,239.64500000000004
2014-09-22 02:07:22,237.79500000000002
2014-09-22 03:09:11,237.09500000000008
2014-09-22 04:10:12,236.99500000000006
2014-09-22 05:11:09,236.99500000000006
2014-09-22 23:00:00,237.92000000000002
2014-09-23 01:01:29,236.59500000000008
2014-09-23 02:07:04,236.64500000000004
2014-09-23 03:08:32,237.14500000000004
2014-09-23 04:09:40,236.64500000000004
2014-09-23 05:10:29,236.89500000000004
2014-09-23 23:00:00,236.92000000000002
2014-09-24 01:01:29,235.795
2014-09-24 02:11:52,235.99500000000006
2014-09-24 03:13:55,236.695
2014-09-24 04:15:10,236.64500000000004
2014-09-24 05:16:12,236.695
2014-09-24 23:00:00,236.92000000000002
2014-09-25 01:01:30,237.79500000000002
2014-09-25 02:15:30,237.34500000000008
2014-09-25 03:16:41,237.29500000000002
2014-09-25 04:18:17,236.39500000000004
2014-09-25 05:20:17,236.59500000000008
2014-09-25 23:00:00,236.71999999999997
2014-09-26 01:01:30,234.69499999999996
2014-09-26 02:16:19,235.84500000000008
2014-09-26 03:18:26,235.645
2014-09-26 04:20:48,235.74500000000003
2014-09-26 05:22:24,235.545
2014-09-26 23:00:00,235.96999999999997
2014-09-29 01:26:32,234.99500000000003
2014-09-29 02:27:26,235.645
2014-09-29 03:28:21,236.14500000000004
2014-09-29 04:29:14,236.195
2014-09-29 05:30:09,235.69499999999996
2014-09-29 23:00:00,235.06999999999996
2014-09-30 01:26:03,234.74500000000003
2014-09-30 02:27:15,234.69499999999996
2014-09-30 03:28:35,233.4950000000001
2014-09-30 04:29:47,233.29500000000004
2014-09-30 05:30:40,233.895
2014-09-30 23:00:00,233.67
2014-10-01 01:29:34,232.4950000000001
2014-10-01 02:30:51,232.4950000000001
2014-10-01 03:32:41,232.09500000000003
2014-10-01 04:34:21,231.89500000000004
2014-10-01 23:00:00,230.92000000000004
2014-10-02 01:32:26,228.09500000000003
2014-10-02 02:34:10,227.64500000000004
2014-10-02 03:36:04,227.09500000000003
2014-10-02 04:36:56,227.59500000000003
2014-10-02 23:00:00,227.47000000000003
2014-10-06 01:25:44,227.89500000000004
2014-10-06 02:26:37,226.79500000000004
2014-10-06 03:27:28,227.39500000000004
2014-10-06 04:28:22,227.14500000000004
2014-10-06 05:29:15,227.54500000000004
2014-10-06 23:00:00,227.54500000000004
2014-10-07 01:37:15,227.94500000000005
2014-10-07 02:39:13,226.84500000000003
2014-10-07 03:40:21,226.94500000000005
2014-10-07 04:42:37,226.99500000000003
2014-10-07 23:00:00,227.27000000000004
2014-10-08 01:28:43,226.24500000000003
2014-10-08 02:29:49,226.59500000000003
2014-10-08 03:30:56,226.94500000000005
2014-10-08 04:32:13,226.74500000000003
2014-10-08 23:00:00,226.92000000000004
2014-10-10 01:31:42,223.14500000000004
2014-10-10 02:33:23,222.52000000000004
2014-10-10 03:34:56,222.14500000000004
2014-10-10 04:36:03,222.39500000000004
2014-10-10 23:00:00,222.62000000000003
2014-10-13 01:26:25,221.59500000000003
2014-10-13 02:27:19,221.99500000000003
2014-10-13 03:28:14,221.42000000000004
2014-10-13 04:32:33,221.49500000000003
2014-10-13 23:00:00,221.49500000000003
2014-10-14 01:39:14,222.59500000000003
2014-10-14 23:00:00,222.57000000000005
2014-10-15 01:30:33,221.59500000000003
2014-10-15 02:32:16,220.84500000000003
2014-10-15 03:33:25,221.79500000000004
2014-10-15 04:34:20,222.14500000000004
2014-10-15 23:00:00,221.82000000000005
2014-10-16 01:34:46,218.99500000000003
2014-10-16 02:36:21,219.14500000000004
2014-10-16 03:38:04,219.64500000000004
2014-10-16 04:41:04,220.34500000000003
2014-10-16 23:00:00,220.34500000000003
2014-10-17 01:49:51,219.84500000000003
2014-10-17 02:51:35,220.04500000000004
2014-10-17 03:53:14,218.79500000000004
2014-10-17 04:54:33,218.14500000000004
2014-10-17 23:00:00,217.42000000000004
2014-10-20 01:26:58,220.19500000000005
2014-10-20 02:27:54,220.89500000000004
2014-10-20 03:28:46,221.34500000000003
2014-10-20 04:29:39,221.24500000000003
2014-10-20 23:00:00,220.72000000000003
2014-10-21 01:27:10,218.29500000000004
2014-10-21 02:28:08,218.19500000000005
2014-10-21 03:29:13,219.29500000000004
2014-10-21 04:30:39,218.84500000000003
2014-10-21 23:00:00,219.02000000000004
2014-10-22 01:30:04,220.84500000000003
2014-10-22 02:31:52,220.24500000000003
2014-10-22 03:32:53,220.64500000000004
2014-10-22 04:34:36,220.69500000000005
2014-10-22 23:00:00,221.02000000000004
2014-10-23 01:34:21,221.99500000000003
2014-10-23 02:36:02,220.99500000000003
2014-10-23 03:37:34,220.54500000000004
2014-10-23 04:42:04,220.74500000000003
2014-10-23 23:00:00,220.97000000000003
2014-10-24 01:31:12,221.09500000000003
2014-10-24 02:33:03,219.64500000000004
2014-10-24 03:34:32,219.54500000000004
2014-10-24 04:35:56,219.64500000000004
2014-10-24 23:00:00,220.02000000000004
2014-10-27 01:25:59,222.14500000000004
2014-10-27 02:26:57,221.24500000000003
2014-10-27 03:27:57,221.39500000000004
2014-10-27 04:28:50,221.54500000000004
2014-10-27 23:00:00,221.32000000000005
2014-10-28 01:23:47,221.04500000000004
2014-10-28 02:25:06,220.74500000000003
2014-10-28 03:26:00,220.99500000000003
2014-10-28 04:27:23,221.04500000000004
2014-10-28 05:28:32,221.29500000000004
2014-10-28 23:00:00,220.97000000000003
2014-10-29 01:25:33,223.94500000000005
2014-10-29 02:26:35,224.39500000000004
2014-10-29 03:27:43,225.34500000000003
2014-10-29 04:28:48,225.99500000000003
2014-10-29 05:29:57,225.89500000000004
2014-10-29 23:00:00,225.72000000000003
2014-10-30 01:27:14,224.39500000000004
2014-10-30 02:28:23,224.19500000000005
2014-10-30 03:29:30,224.64500000000004
2014-10-30 04:30:46,224.89500000000004
2014-10-30 23:00:00,225.52000000000004
2014-10-31 01:26:27,226.99500000000003
2014-10-31 02:27:28,226.54500000000004
2014-10-31 03:28:45,226.89500000000004
2014-10-31 04:29:48,226.69500000000005
2014-10-31 05:30:52,226.89500000000004
2014-10-31 23:00:00,226.72000000000003
2014-11-03 01:21:01,225.19500000000005
2014-11-03 02:21:57,225.94500000000005
2014-11-03 03:23:10,225.89500000000004
2014-11-03 04:24:03,225.39500000000004
2014-11-03 05:24:57,225.44500000000005
2014-11-03 23:00:00,225.77000000000004
2014-11-04 01:20:27,226.14500000000004
2014-11-04 02:21:46,225.84500000000003
2014-11-04 03:23:04,223.69500000000005
2014-11-04 04:24:13,223.44500000000005
2014-11-04 05:25:12,223.69500000000005
2014-11-04 23:00:00,223.72000000000003
2014-11-05 01:22:14,223.79500000000004
2014-11-05 02:23:22,224.04500000000004
2014-11-05 03:24:45,224.14500000000004
2014-11-05 04:25:43,223.34500000000003
2014-11-05 05:26:45,223.24500000000003
2014-11-05 23:00:00,223.12000000000003
2014-11-06 01:24:11,223.14500000000004
2014-11-06 02:25:30,224.24500000000003
2014-11-06 03:27:01,223.84500000000003
2014-11-06 04:28:28,224.79500000000004
2014-11-06 05:29:49,224.54500000000004
2014-11-06 23:00:00,224.52000000000004
2014-11-07 01:24:03,224.49500000000003
2014-11-07 02:25:15,224.44500000000005
2014-11-07 03:26:36,224.49500000000003
2014-11-07 04:27:25,224.84500000000003
2014-11-07 05:28:32,224.79500000000004
2014-11-07 23:00:00,224.67000000000004
2014-11-10 01:21:46,228.07000000000005
2014-11-10 02:22:46,228.24500000000003
2014-11-10 03:23:55,227.99500000000003
2014-11-10 04:24:49,227.99500000000003
2014-11-10 23:00:00,227.32000000000005
2014-11-11 01:21:07,227.34500000000003
2014-11-11 02:22:08,227.79500000000004
2014-11-11 03:23:42,227.74500000000003
2014-11-11 04:25:07,227.59500000000003
2014-11-11 05:26:32,227.24500000000003
2014-11-11 23:00:00,227.12000000000003
2014-11-12 01:22:55,228.89500000000004
2014-11-12 02:24:13,228.89500000000004
2014-11-12 03:25:42,228.69500000000005
2014-11-12 04:26:42,228.69500000000005
2014-11-12 05:28:07,228.44500000000005
2014-11-12 23:00:00,227.97000000000003
2014-11-13 01:24:44,227.84500000000003
2014-11-13 02:25:53,228.04500000000004
2014-11-13 03:26:55,227.59500000000003
2014-11-13 04:28:01,227.34500000000003
2014-11-13 05:29:22,226.99500000000003
2014-11-13 23:00:00,227.17000000000004
2014-11-14 01:25:12,224.19500000000005
2014-11-14 02:26:29,225.14500000000004
2014-11-14 03:27:21,225.34500000000003
2014-11-14 04:28:14,224.74500000000003
2014-11-14 05:29:32,224.74500000000003
2014-11-14 23:00:00,225.22000000000003
2014-11-17 01:23:26,225.49500000000003
2014-11-17 02:24:26,224.84500000000003
2014-11-17 03:25:37,225.44500000000005
2014-11-17 04:26:34,225.44500000000005
2014-11-17 23:00:00,225.97000000000003
2014-11-18 01:22:58,228.04500000000004
2014-11-18 02:24:09,227.94500000000005
2014-11-18 03:25:39,227.94500000000005
2014-11-18 04:26:44,227.84500000000003
2014-11-18 05:27:51,227.69500000000005
2014-11-18 23:00:00,227.72000000000003
2014-11-19 01:24:53,226.84500000000003
2014-11-19 02:25:57,226.89500000000004
2014-11-19 03:27:18,227.04500000000004
2014-11-19 04:28:32,226.89500000000004
2014-11-19 23:00:00,227.17000000000004
2014-11-20 01:26:46,225.94500000000005
2014-11-20 02:28:02,226.09500000000003
2014-11-20 03:29:29,226.14500000000004
2014-11-20 04:30:35,226.09500000000003
2014-11-20 23:00:00,226.47000000000003
2014-11-21 01:27:11,226.94500000000005
2014-11-21 02:28:19,226.74500000000003
2014-11-21 03:29:45,227.04500000000004
2014-11-21 04:31:02,227.04500000000004
2014-11-21 23:00:00,226.97000000000003
2014-11-24 01:23:42,230.04500000000004
2014-11-24 02:24:38,229.99500000000003
2014-11-24 03:25:46,229.54500000000004
2014-11-24 04:26:39,229.59500000000003
2014-11-24 23:00:00,229.62000000000003
2014-11-25 01:23:05,229.44500000000005
2014-11-25 02:24:22,229.29500000000004
2014-11-25 03:26:39,229.24500000000003
2014-11-25 04:28:29,229.39500000000004
2014-11-25 05:29:45,229.44500000000005
2014-11-25 23:00:00,229.37000000000003
2014-11-26 01:24:49,228.29500000000004
2014-11-26 02:25:56,228.74500000000003
2014-11-26 03:27:13,229.04500000000004
2014-11-26 04:28:34,228.79500000000004
2014-11-26 23:00:00,228.87000000000003
2014-11-27 01:27:01,230.59500000000003
2014-11-27 02:28:08,230.69500000000005
2014-11-27 03:29:35,230.64500000000004
2014-11-27 04:30:47,230.84500000000003
2014-11-27 23:00:00,230.84500000000003
2014-11-28 01:26:42,230.09500000000003
2014-11-28 02:27:33,229.99500000000003
2014-11-28 03:28:57,229.94500000000005
2014-11-28 04:30:13,230.19500000000005
2014-11-28 23:00:00,230.47000000000003
2014-12-01 01:16:11,227.89500000000004
2014-12-01 02:16:51,227.69500000000005
2014-12-01 03:17:45,227.89500000000004
2014-12-01 04:18:23,227.84500000000003
2014-12-01 05:19:04,227.94500000000005
2014-12-01 23:00:00,227.82000000000005
2014-12-02 01:31:11,227.34500000000003
2014-12-02 02:39:16,226.74500000000003
2014-12-02 03:40:34,227.44500000000005
2014-12-02 04:42:19,227.44500000000005
2014-12-02 23:00:00,228.02000000000004
2014-12-03 01:25:10,228.09500000000003
2014-12-03 02:26:16,228.14500000000004
2014-12-03 03:27:47,228.34500000000003
2014-12-03 04:29:16,228.24500000000003
2014-12-03 23:00:00,228.32000000000005
2014-12-04 01:26:52,230.24500000000003
2014-12-04 02:27:53,230.44500000000005
2014-12-04 03:29:34,230.74500000000003
2014-12-04 04:31:09,231.19500000000005
2014-12-04 23:00:00,231.27000000000004
2014-12-05 01:26:34,230.99500000000003
2014-12-05 02:27:48,231.24500000000003
2014-12-05 03:29:02,231.24500000000003
2014-12-05 04:29:58,231.19500000000005
2014-12-05 23:00:00,231.07000000000005
2014-12-08 01:23:51,231.09500000000003
2014-12-08 02:25:55,230.59500000000003
2014-12-08 03:27:11,230.79500000000004
2014-12-08 04:28:06,230.74500000000003
2014-12-08 23:00:00,230.47000000000003
2014-12-09 01:22:28,229.64500000000004
2014-12-09 02:23:35,229.79500000000004
2014-12-09 03:24:43,229.89500000000004
2014-12-09 04:25:39,229.79500000000004
2014-12-09 05:26:35,229.99500000000003
2014-12-09 23:00:00,229.62000000000003
2014-12-10 01:24:50,227.74500000000003
2014-12-10 02:26:03,226.79500000000004
2014-12-10 03:27:12,226.09500000000003
2014-12-10 04:28:24,226.19500000000005
2014-12-10 23:00:00,225.47000000000003
2014-12-11 01:26:43,223.54500000000004
2014-12-11 02:27:55,223.84500000000003
2014-12-11 03:29:20,223.49500000000003
2014-12-11 04:30:59,222.84500000000003
2014-12-11 23:00:00,222.32000000000005
2014-12-12 23:00:00,222.52000000000004
2014-12-15 01:22:50,221.04500000000004
2014-12-15 02:24:22,221.09500000000006
2014-12-15 03:26:34,221.59500000000006
2014-12-15 04:34:30,221.69500000000005
2014-12-15 23:00:00,223.47000000000006
2014-12-16 02:14:47,221.19500000000005
2014-12-16 03:18:18,221.19500000000005
2014-12-16 04:22:19,221.19500000000005
2014-12-16 05:26:08,221.19500000000005
2014-12-16 23:00:00,221.12000000000003
2014-12-17 01:15:12,221.19500000000005
2014-12-17 04:47:56,220.89500000000004
2014-12-17 23:00:00,220.89500000000004
2014-12-18 01:17:25,221.54500000000004
2014-12-18 02:20:00,220.29500000000004
2014-12-18 03:27:33,220.04500000000004
2014-12-18 04:31:43,218.89500000000004
2014-12-18 23:00:00,220.02000000000004
2014-12-19 01:17:54,223.54500000000004
2014-12-19 04:59:04,223.99500000000003
2014-12-19 23:00:00,223.97000000000006
2014-12-22 01:15:16,224.64500000000004
2014-12-22 02:17:04,225.09500000000006
2014-12-22 03:18:30,225.14500000000004
2014-12-22 04:20:05,225.19500000000005
2014-12-22 05:20:59,225.59500000000006
2014-12-22 23:00:00,225.59500000000006
2014-12-23 02:13:50,225.59500000000006
2014-12-23 03:15:55,225.59500000000006
2014-12-23 04:17:29,225.59500000000006
2014-12-23 05:18:17,225.59500000000006
2014-12-23 23:00:00,225.59500000000006
2014-12-24 01:16:55,225.59500000000006
2014-12-24 02:17:45,225.59500000000006
2014-12-24 03:20:16,226.19500000000005
2014-12-24 04:22:19,226.14500000000004
2014-12-24 05:23:42,226.04500000000004
2014-12-24 23:00:00,226.04500000000004
2014-12-26 23:00:00,226.04500000000004
2014-12-29 01:10:31,227.09500000000006
2014-12-29 02:11:11,226.54500000000004
2014-12-29 03:12:19,226.44500000000005
2014-12-29 04:12:56,225.74500000000003
2014-12-29 05:13:32,225.64500000000004
2014-12-29 23:00:00,225.17000000000004
2014-12-30 01:14:44,223.84500000000006
2014-12-30 02:17:28,222.89500000000004
2014-12-30 03:18:54,222.89500000000004
2014-12-30 04:20:06,222.89500000000004
2014-12-30 05:21:02,222.89500000000004
2014-12-30 23:00:00,221.92000000000004
2014-12-31 01:15:53,222.89500000000004
2015-01-02 01:16:14,222.24500000000003
2015-01-02 02:17:07,222.14500000000004
2015-01-02 03:18:32,222.59500000000006
2015-01-02 04:20:07,222.64500000000004
2015-01-02 05:21:01,222.79500000000004
2015-01-02 23:00:00,222.79500000000004
2015-01-05 01:15:07,220.39500000000004
2015-01-05 02:16:01,220.84500000000006
2015-01-05 03:18:09,220.89500000000004
2015-01-05 04:20:07,221.34500000000006
2015-01-05 05:21:00,222.54500000000004
2015-01-05 23:00:00,222.54500000000004
2015-01-06 01:16:36,219.34500000000006
2015-01-06 02:17:32,218.89500000000004
2015-01-06 03:19:05,218.24500000000003
2015-01-06 04:20:24,217.39500000000004
2015-01-06 05:21:30,217.69500000000005
2015-01-06 23:00:00,217.69500000000005
2015-01-07 01:18:14,217.44500000000005
2015-01-07 02:19:10,218.64500000000004
2015-01-07 03:22:40,218.34500000000006
2015-01-07 04:23:44,218.34500000000006
2015-01-07 05:24:46,218.34500000000006
2015-01-07 23:00:00,218.34500000000006
2015-01-08 01:19:25,221.57000000000005
2015-01-08 02:21:08,221.49500000000003
2015-01-08 03:22:46,221.14500000000004
2015-01-08 04:23:41,221.49500000000003
2015-01-08 05:24:37,221.64500000000004
2015-01-08 23:00:00,221.37000000000003
2015-01-09 01:19:08,224.04500000000004
2015-01-09 02:20:20,225.19500000000005
2015-01-09 03:21:59,225.09500000000006
2015-01-09 04:23:04,224.84500000000006
2015-01-09 05:24:07,224.64500000000004
2015-01-09 23:00:00,224.64500000000004
2015-01-12 01:18:04,224.59500000000006
2015-01-12 02:19:00,224.74500000000003
2015-01-12 03:20:28,224.19500000000005
2015-01-12 04:22:03,224.14500000000004
2015-01-12 05:23:00,223.74500000000003
2015-01-12 23:00:00,223.74500000000003
2015-01-13 01:18:07,223.84500000000006
2015-01-13 02:18:59,224.84500000000006
2015-01-13 03:20:53,224.79500000000004
2015-01-13 04:22:20,224.74500000000003
2015-01-13 05:23:15,224.19500000000005
2015-01-13 23:00:00,225.12000000000003
2015-01-14 01:19:35,225.49500000000003
2015-01-14 02:22:24,224.69500000000005
2015-01-14 03:24:17,224.69500000000005
2015-01-14 04:25:27,224.69500000000005
2015-01-14 05:26:38,224.24500000000003
2015-01-14 23:00:00,223.87000000000003
2015-01-15 01:21:07,224.49500000000003
2015-01-15 02:22:23,223.64500000000004
2015-01-15 03:23:57,223.69500000000005
2015-01-15 04:25:09,224.19500000000005
2015-01-15 05:26:09,224.19500000000005
2015-01-15 23:00:00,224.97000000000006
2015-01-16 01:21:30,220.79500000000004
2015-01-16 02:22:36,220.54500000000004
2015-01-16 03:25:10,220.74500000000003
2015-01-16 04:26:04,220.74500000000003
2015-01-16 05:27:08,220.74500000000003
2015-01-16 23:00:00,220.97000000000006
2015-01-19 01:18:42,220.74500000000003
2015-01-19 02:19:37,220.74500000000003
2015-01-19 03:21:05,220.74500000000003
2015-01-19 04:21:55,220.74500000000003
2015-01-19 05:22:49,220.74500000000003
2015-01-19 23:00:00,220.74500000000003
2015-01-20 01:18:29,220.74500000000003
2015-01-20 02:19:21,220.74500000000003
2015-01-20 03:20:54,220.74500000000003
2015-01-20 04:22:10,220.74500000000003
2015-01-20 05:23:05,220.74500000000003
2015-01-20 23:00:00,225.67000000000004
2015-01-21 01:20:21,220.74500000000003
2015-01-21 02:21:18,220.74500000000003
2015-01-21 03:23:05,220.74500000000003
2015-01-21 04:24:06,220.74500000000003
2015-01-21 05:25:12,220.74500000000003
2015-01-21 23:00:00,226.67000000000004
2015-01-22 01:21:54,220.74500000000003
2015-01-22 02:22:46,220.74500000000003
2015-01-22 03:24:16,220.74500000000003
2015-01-22 04:25:03,220.74500000000003
2015-01-22 05:26:02,220.74500000000003
2015-01-22 23:00:00,220.74500000000003
2015-01-23 01:21:55,220.74500000000003
2015-01-23 02:22:47,220.74500000000003
2015-01-23 03:24:16,220.74500000000003
2015-01-23 04:25:12,220.74500000000003
2015-01-23 05:26:09,220.74500000000003
2015-01-23 23:00:00,228.77000000000004
2015-01-26 01:19:59,220.74500000000003
2015-01-26 02:22:04,220.74500000000003
2015-01-26 03:25:56,220.74500000000003
2015-01-26 04:29:11,220.74500000000003
2015-01-26 05:30:43,220.74500000000003
2015-01-26 23:00:00,228.62000000000003
2015-01-27 01:18:12,220.74500000000003
2015-01-27 02:19:24,220.74500000000003
2015-01-27 03:21:43,220.74500000000003
2015-01-27 04:23:15,220.74500000000003
2015-01-27 05:24:10,220.74500000000003
2015-01-27 23:00:00,230.37000000000003
2015-01-28 01:20:01,220.74500000000003
2015-01-28 02:20:59,220.74500000000003
2015-01-28 03:22:52,220.74500000000003
2015-01-28 04:24:07,220.74500000000003
2015-01-28 05:25:14,220.74500000000003
2015-01-28 23:00:00,230.42000000000004
2015-01-29 01:21:41,220.74500000000003
2015-01-29 02:22:58,220.74500000000003
2015-01-29 03:24:39,220.74500000000003
2015-01-29 04:25:53,220.74500000000003
2015-01-29 05:26:51,220.74500000000003
2015-01-29 23:00:00,229.57000000000005
2015-01-30 01:21:36,220.74500000000003
2015-01-30 02:22:44,220.74500000000003
2015-01-30 03:24:17,220.74500000000003
2015-01-30 04:25:15,220.74500000000003
2015-01-30 05:26:18,220.74500000000003
2015-01-30 23:00:00,228.82000000000005
2015-02-02 01:20:01,220.74500000000003
2015-02-02 02:21:01,220.74500000000003
2015-02-02 03:22:27,220.74500000000003
2015-02-02 04:23:16,220.74500000000003
2015-02-02 05:24:05,220.74500000000003
2015-02-02 23:00:00,228.92000000000004
2015-02-03 01:18:58,220.74500000000003
2015-02-03 02:19:56,220.74500000000003
2015-02-03 03:21:49,220.74500000000003
2015-02-03 04:22:54,220.74500000000003
2015-02-03 05:24:17,220.74500000000003
2015-02-03 23:00:00,220.74500000000003
2015-02-04 01:21:06,220.74500000000003
2015-02-04 02:22:01,220.74500000000003
2015-02-04 03:23:29,220.74500000000003
2015-02-04 04:24:54,220.74500000000003
2015-02-04 05:26:00,220.74500000000003
2015-02-04 23:00:00,230.07000000000005
2015-02-05 01:22:51,220.74500000000003
2015-02-05 02:23:48,220.74500000000003
2015-02-05 03:25:58,220.74500000000003
2015-02-05 04:27:19,220.74500000000003
2015-02-05 05:28:18,220.74500000000003
2015-02-05 23:00:00,227.52000000000004
2015-02-06 01:22:41,220.74500000000003
2015-02-06 02:24:04,220.74500000000003
2015-02-06 03:25:51,220.74500000000003
2015-02-06 04:26:43,220.74500000000003
2015-02-06 05:27:57,220.74500000000003
2015-02-06 23:00:00,228.17000000000004
2015-02-09 01:21:18,227.34500000000006
2015-02-09 02:22:21,227.84500000000006
2015-02-09 03:23:54,228.04500000000004
2015-02-09 04:24:52,227.64500000000004
2015-02-09 23:00:00,227.72000000000006
2015-02-10 01:19:17,226.89500000000004
2015-02-10 02:20:21,226.79500000000004
2015-02-10 03:22:12,226.59500000000006
2015-02-10 04:23:37,226.44500000000005
2015-02-10 05:24:45,226.44500000000005
2015-02-10 23:00:00,226.27000000000004
2015-02-11 01:21:01,226.79500000000004
2015-02-11 02:22:18,226.99500000000003
2015-02-11 03:24:10,226.84500000000006
2015-02-11 04:25:42,226.89500000000004
2015-02-11 05:26:43,226.74500000000003
2015-02-11 23:00:00,226.77000000000004
2015-02-12 01:22:41,225.19500000000005
2015-02-12 02:23:44,224.49500000000003
2015-02-12 03:25:29,224.99500000000003
2015-02-12 04:26:44,225.19500000000005
2015-02-12 05:28:13,225.54500000000004
2015-02-12 23:00:00,225.54500000000004
2015-02-13 01:22:54,227.49500000000003
2015-02-13 02:23:52,227.17000000000004
2015-02-13 03:25:21,227.34500000000006
2015-02-13 04:26:17,227.44500000000005
2015-02-13 05:27:13,227.54500000000004
2015-02-13 23:00:00,227.72000000000006
2015-02-16 23:00:00,228.17000000000004
2015-02-17 01:30:50,228.39500000000004
2015-02-17 03:03:24,228.84500000000006
2015-02-17 04:06:52,228.79500000000004
2015-02-17 05:08:14,228.49500000000003
2015-02-17 23:00:00,228.62000000000003
2015-02-23 01:30:30,229.69500000000005
2015-02-23 02:30:47,229.39500000000004
2015-02-23 03:31:03,229.44500000000005
2015-02-23 04:31:18,229.34500000000006
2015-02-23 23:00:00,229.34500000000006
2015-02-24 01:19:52,229.49500000000003
2015-02-24 02:19:59,229.74500000000003
2015-02-24 03:20:10,229.99500000000003
2015-02-24 04:20:41,229.89500000000004
2015-02-24 05:20:50,229.79500000000004
2015-02-24 23:00:00,229.72000000000006
2015-02-25 01:20:23,230.44500000000005
2015-02-25 02:20:39,230.84500000000006
2015-02-25 03:20:53,230.74500000000003
2015-02-25 04:21:18,230.69500000000005
2015-02-25 05:21:33,230.64500000000004
2015-02-25 23:00:00,230.62000000000003
2015-02-26 01:22:30,230.49500000000003
2015-02-26 02:22:44,230.39500000000004
2015-02-26 03:23:03,230.79500000000004
2015-02-26 04:23:16,230.54500000000004
2015-02-26 05:23:29,230.74500000000003
2015-02-26 23:00:00,230.47000000000006
2015-02-27 01:23:59,228.99500000000003
2015-02-27 02:24:15,229.24500000000003
2015-02-27 03:24:39,230.09500000000006
2015-02-27 04:25:04,229.94500000000005
2015-02-27 05:25:15,230.04500000000004
2015-02-27 23:00:00,230.04500000000004
2015-03-02 01:29:37,230.89500000000004
2015-03-02 02:29:47,230.54500000000004
2015-03-02 03:30:00,230.54500000000004
2015-03-02 04:30:34,230.74500000000003
2015-03-02 05:30:48,231.04500000000004
2015-03-02 23:00:00,231.07000000000005
2015-03-03 01:32:23,231.84500000000008
2015-03-03 02:32:47,231.84500000000008
2015-03-03 03:33:02,232.14500000000007
2015-03-03 04:33:29,232.04500000000002
2015-03-03 23:00:00,232.27000000000007
2015-03-04 01:42:56,231.69500000000005
2015-03-04 02:43:14,231.79500000000002
2015-03-04 03:43:52,231.84500000000008
2015-03-04 04:44:53,231.69500000000005
2015-03-04 23:00:00,231.92000000000002
2015-03-05 01:45:29,231.99500000000006
2015-03-05 02:45:47,231.99500000000006
2015-03-05 03:46:41,231.99500000000006
2015-03-05 04:47:28,232.14500000000007
2015-03-05 23:00:00,232.1200000000001
2015-03-06 01:50:58,232.69500000000002
2015-03-06 02:51:33,232.94500000000002
2015-03-06 03:52:21,232.94500000000002
2015-03-06 04:53:00,232.9950000000001
2015-03-06 23:00:00,233.4700000000001
2015-03-09 01:44:04,231.69500000000005
2015-03-09 02:44:23,231.24500000000003
2015-03-09 03:44:36,231.34500000000008
2015-03-09 04:44:48,230.64500000000004
2015-03-09 23:00:00,230.67000000000004
2015-03-10 01:46:52,230.84500000000006
2015-03-10 02:47:13,229.99500000000003
2015-03-10 03:48:09,230.19500000000005
2015-03-10 04:48:41,230.09500000000006
2015-03-10 23:00:00,229.52000000000004
2015-03-11 01:50:57,229.52000000000004
2015-03-11 02:51:13,229.52000000000004
2015-03-11 03:52:03,229.52000000000004
2015-03-11 04:52:36,229.52000000000004
2015-03-11 23:00:00,229.42000000000004
2015-03-12 02:00:51,230.39500000000004
2015-03-12 03:01:14,230.54500000000004
2015-03-12 04:01:37,230.54500000000004
2015-03-12 05:01:57,230.44500000000005
2015-03-12 23:00:00,229.67000000000004
2015-03-13 02:00:03,230.79500000000004
2015-03-13 03:00:28,230.79500000000004
2015-03-13 04:00:49,230.84500000000006
2015-03-13 05:01:26,230.69500000000005
2015-03-13 23:00:00,230.52000000000004
2015-03-16 01:44:32,230.69500000000005
2015-03-16 02:44:48,230.59500000000006
2015-03-16 03:45:40,230.94500000000005
2015-03-16 04:45:55,231.04500000000004
2015-03-16 23:00:00,231.02000000000004
2015-03-17 01:43:07,234.045
2015-03-17 02:43:31,235.145
2015-03-17 03:43:59,235.74500000000003
2015-03-17 04:44:39,235.99500000000006
2015-03-17 23:00:00,236.37000000000006
2015-03-18 01:41:57,236.99500000000006
2015-03-18 02:42:14,237.49500000000006
2015-03-18 03:42:32,237.39500000000004
2015-03-18 04:43:00,237.29500000000002
2015-03-18 23:00:00,236.92000000000002
2015-03-19 01:49:57,237.195
2015-03-19 02:50:18,237.64500000000004
2015-03-19 03:50:46,237.74500000000006
2015-03-19 04:51:08,237.74500000000006
2015-03-19 23:00:00,237.52000000000004
2015-03-20 01:49:46,236.89500000000004
2015-03-20 02:50:05,236.89500000000004
2015-03-20 04:59:42,236.49500000000006
2015-03-20 23:00:00,237.07
2015-03-23 23:00:00,237.17000000000002
2015-03-24 01:35:51,236.79500000000002
2015-03-24 02:36:05,237.14500000000004
2015-03-24 03:36:26,236.59499999999997
2015-03-24 04:37:00,236.59499999999997
2015-03-24 23:00:00,237.37000000000006
2015-03-25 01:42:17,237.445
2015-03-25 02:42:36,237.29500000000002
2015-03-25 03:43:06,237.29500000000002
2015-03-25 04:43:20,237.29500000000002
2015-03-25 23:00:00,237.47000000000008
2015-03-26 01:50:34,235.99500000000006
2015-03-26 02:50:52,236.49500000000006
2015-03-26 03:51:08,236.29500000000002
2015-03-26 04:51:23,235.74500000000003
2015-03-26 23:00:00,234.67
2015-03-27 01:50:11,234.99500000000003
2015-03-27 02:50:25,234.69499999999996
2015-03-27 03:50:55,234.49500000000003
2015-03-27 04:51:04,234.24500000000003
2015-03-27 23:00:00,234.47000000000006
2015-03-30 01:37:06,234.19499999999996
2015-03-30 02:37:19,234.49500000000003
2015-03-30 03:37:29,234.44499999999996
2015-03-30 04:37:38,234.645
2015-03-30 23:00:00,234.56999999999996
2015-03-31 01:37:15,236.195
2015-03-31 02:37:35,235.545
2015-03-31 03:37:59,234.74500000000003
2015-03-31 04:38:19,234.49500000000003
2015-03-31 23:00:00,234.72000000000006
2015-04-01 01:43:40,234.24500000000003
2015-04-01 02:43:55,233.895
2015-04-01 03:44:12,233.74500000000003
2015-04-01 04:45:44,232.9950000000001
2015-04-01 23:00:00,232.82000000000002
2015-04-02 01:52:48,233.39500000000007
2015-04-02 02:53:07,234.145
2015-04-02 03:53:35,233.74500000000003
2015-04-02 04:54:02,232.89500000000007
2015-04-02 23:00:00,233.17000000000004
2015-04-03 23:00:00,235.02
2015-04-06 02:41:45,235.295
2015-04-06 03:43:56,235.145
2015-04-06 04:46:01,235.145
2015-04-06 23:00:00,234.87000000000003
2015-04-07 23:00:00,234.47000000000006
2015-04-08 01:30:09,235.44499999999996
2015-04-08 02:30:25,236.59499999999997
2015-04-08 03:30:51,236.49500000000006
2015-04-08 04:31:26,236.195
2015-04-08 23:00:00,236.42000000000002
2015-04-09 01:37:27,236.29500000000002
2015-04-09 02:37:41,236.59499999999997
2015-04-09 03:38:01,236.695
2015-04-09 04:40:14,236.34499999999997
2015-04-09 23:00:00,236.02000000000004
2015-04-10 01:37:07,238.14500000000004
2015-04-10 02:37:21,239.445
2015-04-10 03:37:40,239.49500000000006
2015-04-10 04:39:58,240.09499999999997
2015-04-10 23:00:00,239.52000000000004
2015-04-13 01:27:19,240.14500000000004
2015-04-13 02:27:30,240.39500000000004
2015-04-13 03:27:42,240.54500000000002
2015-04-13 04:27:52,240.49500000000006
2015-04-13 05:28:04,241.09499999999997
2015-04-13 23:00:00,241.27000000000004
2015-04-14 01:32:44,241.695
2015-04-14 02:33:05,243.04500000000002
2015-04-14 03:33:39,242.945
2015-04-14 04:33:53,242.695
2015-04-14 23:00:00,242.97000000000008
2015-04-15 01:40:26,242.74500000000006
2015-04-15 02:40:44,243.84499999999997
2015-04-15 03:41:13,244.14500000000004
2015-04-15 04:41:30,243.59499999999997
2015-04-15 23:00:00,243.82
2015-04-16 01:48:31,245.09499999999997
2015-04-16 02:48:49,244.79500000000002
2015-04-16 03:49:06,245.34499999999997
2015-04-16 04:49:40,246.09499999999997
2015-04-16 23:00:00,246.17000000000002
2015-04-17 01:51:51,246.195
2015-04-17 02:52:10,246.04500000000002
2015-04-17 03:52:26,246.39500000000004
2015-04-17 04:52:56,246.59499999999997
2015-04-17 23:00:00,246.02000000000004
2015-04-20 01:40:33,245.39500000000004
2015-04-20 02:40:43,245.945
2015-04-20 03:40:55,245.79500000000002
2015-04-20 04:41:05,246.04500000000002
2015-04-20 23:00:00,246.02000000000004
2015-04-21 01:41:14,245.74500000000006
2015-04-21 02:41:31,246.14500000000004
2015-04-21 03:42:05,246.14500000000004
2015-04-21 04:42:19,246.195
2015-04-21 23:00:00,245.87000000000006
2015-04-22 01:48:58,247.59499999999997
2015-04-22 02:49:14,248.59499999999997
2015-04-22 03:49:39,248.67000000000002
2015-04-22 04:50:15,248.695
2015-04-22 23:00:00,247.02000000000004
2015-04-23 01:58:39,248.04500000000002
2015-04-23 02:58:58,248.14500000000004
2015-04-23 03:59:24,248.84499999999997
2015-04-23 04:59:34,249.49500000000006
2015-04-23 23:00:00,250.82
2015-04-24 01:58:58,252.79500000000002
2015-04-24 02:59:16,251.84499999999997
2015-04-24 03:59:41,250.39500000000004
2015-04-24 05:00:16,249.39500000000004
2015-04-24 23:00:00,248.92000000000002
2015-04-27 01:41:50,249.54500000000002
2015-04-27 02:42:04,249.14500000000004
2015-04-27 03:42:14,248.79500000000002
2015-04-27 04:42:25,248.34499999999997
2015-04-27 23:00:00,248.42000000000002
2015-04-28 01:41:38,248.14500000000004
2015-04-28 02:42:00,248.49500000000006
2015-04-28 03:42:29,248.24500000000006
2015-04-28 04:42:48,247.59499999999997
2015-04-28 23:00:00,247.12000000000006
2015-04-29 01:47:46,247.54500000000002
2015-04-29 02:48:08,246.945
2015-04-29 03:48:32,244.84499999999997
2015-04-29 04:48:52,244.89500000000004
2015-04-29 23:00:00,245.97000000000008
2015-04-30 01:57:04,245.14500000000004
2015-04-30 02:57:25,245.09499999999997
2015-04-30 03:57:49,244.24500000000006
2015-04-30 04:58:22,244.89500000000004
2015-04-30 23:00:00,245.07
2015-05-04 02:25:02,246.04500000000002
2015-05-04 03:25:54,245.79500000000002
2015-05-04 04:26:46,245.64500000000004
2015-05-04 05:27:05,245.79500000000002
2015-05-04 23:00:00,246.02000000000004
2015-05-06 02:35:05,241.695
2015-05-06 03:35:51,241.59499999999997
2015-05-06 04:36:24,241.79500000000002
2015-05-06 23:00:00,241.22000000000008
2015-05-07 02:52:26,239.59499999999997
2015-05-07 03:53:05,238.64500000000004
2015-05-07 04:53:45,239.24500000000006
2015-05-07 23:00:00,240.02000000000004
2015-05-08 01:45:35,239.54500000000002
2015-05-08 02:45:51,239.84499999999997
2015-05-08 03:46:27,239.64500000000004
2015-05-08 04:46:59,239.49500000000006
2015-05-08 23:00:00,238.77000000000004
2015-05-11 01:32:09,240.945
2015-05-11 02:32:24,240.24500000000006
2015-05-11 03:32:35,240.445
2015-05-11 04:32:46,240.445
2015-05-11 23:00:00,239.22000000000008
2015-05-12 01:33:02,239.49500000000006
2015-05-12 02:33:19,238.84499999999997
2015-05-12 03:33:48,238.74500000000006
2015-05-12 04:34:08,238.54500000000002
2015-05-12 23:00:00,239.27000000000004
2015-05-13 01:35:20,239.74500000000006
2015-05-13 02:35:37,240.79500000000002
2015-05-13 03:36:07,240.945
2015-05-13 04:36:18,240.54500000000002
2015-05-13 23:00:00,240.82
2015-05-14 01:41:34,240.64500000000004
2015-05-14 02:41:52,240.195
2015-05-14 03:42:26,240.54500000000002
2015-05-14 04:42:37,240.445
2015-05-14 23:00:00,240.92000000000002
2015-05-15 01:39:18,241.74500000000006
2015-05-15 02:39:41,240.695
2015-05-15 03:39:52,238.84499999999997
2015-05-15 04:40:06,239.195
2015-05-15 23:00:00,238.17000000000002
2015-05-18 01:27:13,238.34499999999997
2015-05-18 02:27:25,238.34499999999997
2015-05-18 03:27:36,238.195
2015-05-18 04:27:47,238.195
2015-05-18 05:27:56,238.49500000000006
2015-05-18 23:00:00,238.87000000000006
2015-05-19 01:26:00,238.945
2015-05-19 02:26:13,239.445
2015-05-19 03:26:31,240.445
2015-05-19 04:26:50,240.29500000000002
2015-05-19 05:27:01,240.09499999999997
2015-05-19 23:00:00,240.22000000000008
2015-05-20 01:29:03,241.49500000000006
2015-05-20 02:29:21,241.24500000000006
2015-05-20 03:29:51,241.445
2015-05-20 04:30:03,241.59499999999997
2015-05-20 05:30:12,242.195
2015-05-20 23:00:00,242.72000000000008
2015-05-21 01:32:55,241.74500000000006
2015-05-21 02:33:12,240.64500000000004
2015-05-21 03:33:47,240.195
2015-05-21 04:34:08,240.14500000000004
2015-05-21 23:00:00,239.62000000000006
2015-05-22 01:29:47,240.84499999999997
2015-05-22 02:30:05,241.04500000000002
2015-05-22 03:30:33,242.34499999999997
2015-05-22 04:31:06,242.695
2015-05-22 23:00:00,242.72000000000008
2015-05-26 01:26:02,241.64500000000004
2015-05-26 02:26:13,242.695
2015-05-26 03:26:51,242.14500000000004
2015-05-26 04:27:16,242.29500000000002
2015-05-26 05:27:26,242.49500000000006
2015-05-26 23:00:00,242.12000000000006
2015-05-27 01:28:15,239.64500000000004
2015-05-27 02:28:33,237.49500000000006
2015-05-27 03:29:00,236.74500000000006
2015-05-27 04:29:22,237.09499999999997
2015-05-27 05:29:32,236.99500000000006
2015-05-27 23:00:00,236.57
2015-05-28 01:31:53,237.34499999999997
2015-05-28 02:32:08,238.195
2015-05-28 03:32:34,238.24500000000006
2015-05-28 04:33:06,238.195
2015-05-28 23:00:00,236.87000000000006
2015-05-29 01:31:24,238.09499999999997
2015-05-29 02:31:40,238.54500000000002
2015-05-29 03:32:19,238.49500000000006
2015-05-29 04:32:49,238.59499999999997
2015-05-29 23:00:00,238.07
2015-06-01 01:26:02,234.545
2015-06-01 02:26:12,234.94499999999996
2015-06-01 03:26:23,234.94499999999996
2015-06-01 04:26:34,235.045
2015-06-01 05:26:45,235.145
2015-06-01 23:00:00,235.81999999999996
2015-06-02 01:33:49,235.34499999999994
2015-06-02 02:34:29,234.84499999999994
2015-06-02 03:34:59,233.595
2015-06-02 04:35:20,233.29500000000004
2015-06-02 23:00:00,233.6200000000001
2015-06-03 01:29:26,233.795
2015-06-03 02:29:39,233.895
2015-06-03 03:30:16,233.895
2015-06-03 04:30:41,233.64500000000007
2015-06-03 23:00:00,231.27000000000004
2015-06-04 01:33:19,232.04500000000002
2015-06-04 02:33:42,231.84500000000008
2015-06-04 03:34:21,233.44500000000002
2015-06-04 04:34:42,232.39500000000007
2015-06-04 23:00:00,231.77000000000004
2015-06-05 01:33:20,231.99500000000006
2015-06-05 02:33:38,231.49500000000006
2015-06-05 03:33:58,231.29500000000004
2015-06-05 04:34:43,231.29500000000004
2015-06-05 23:00:00,231.77000000000004
2015-06-08 01:27:32,230.29500000000004
2015-06-08 02:28:10,230.84500000000006
2015-06-08 03:28:43,230.94500000000005
2015-06-08 04:29:14,230.89500000000004
2015-06-08 05:30:23,231.04500000000004
2015-06-08 23:00:00,231.17000000000004
2015-06-09 01:26:43,231.44500000000005
2015-06-09 02:26:54,231.49500000000006
2015-06-09 03:27:12,230.39500000000004
2015-06-09 04:27:34,230.49500000000003
2015-06-09 05:27:48,229.94500000000005
2015-06-09 23:00:00,230.82000000000005
2015-06-10 01:30:48,230.82000000000005
2015-06-10 02:31:10,230.82000000000005
2015-06-10 03:31:30,230.82000000000005
2015-06-10 04:32:03,230.82000000000005
2015-06-10 23:00:00,229.12000000000003
2015-06-11 01:33:20,229.99500000000003
2015-06-11 02:33:38,229.74500000000003
2015-06-11 03:33:55,229.89500000000004
2015-06-11 04:34:12,229.04500000000004
2015-06-11 23:00:00,230.07000000000005
2015-06-12 01:31:19,230.69500000000005
2015-06-12 02:31:38,230.64500000000004
2015-06-12 03:32:13,228.99500000000003
2015-06-12 04:32:39,228.54500000000004
2015-06-12 23:00:00,227.62000000000003
2015-06-15 23:00:00,227.52000000000004
2015-06-16 01:01:12,227.44500000000005
2015-06-16 02:01:26,225.34500000000003
2015-06-16 03:03:43,223.19500000000005
2015-06-16 04:04:21,223.54500000000004
2015-06-16 05:05:30,223.79500000000004
2015-06-16 23:00:00,224.67000000000004
2015-06-17 01:01:14,225.19500000000005
2015-06-17 02:02:41,224.29500000000004
2015-06-17 03:05:10,224.69500000000005
2015-06-17 04:06:04,224.54500000000004
2015-06-17 05:06:23,224.79500000000004
2015-06-17 23:00:00,225.57000000000005
2015-06-18 01:01:11,226.59500000000003
2015-06-18 02:01:39,225.74500000000003
2015-06-18 03:02:41,226.19500000000005
2015-06-18 04:03:08,227.04500000000004
2015-06-18 05:04:20,226.79500000000004
2015-06-18 23:00:00,225.82000000000005
2015-06-19 01:01:15,227.34500000000003
2015-06-19 02:04:49,226.79500000000004
2015-06-19 03:06:16,227.14500000000004
2015-06-19 04:07:24,227.04500000000004
2015-06-19 05:08:07,227.24500000000003
2015-06-19 23:00:00,226.92000000000004
2015-06-22 01:01:14,228.27000000000004
2015-06-22 02:02:49,228.39500000000004
2015-06-22 03:03:24,227.59500000000003
2015-06-22 04:04:43,227.64500000000004
2015-06-22 05:05:24,227.84500000000003
2015-06-22 23:00:00,228.02000000000004
2015-06-23 01:38:36,229.89500000000004
2015-06-23 02:39:29,231.19500000000005
2015-06-23 03:39:39,231.39500000000004
2015-06-23 04:39:48,231.04500000000004
2015-06-23 23:00:00,231.52000000000004
2015-06-24 01:41:21,231.64500000000004
2015-06-24 02:41:34,231.49500000000006
2015-06-24 03:41:44,231.24500000000003
2015-06-24 04:41:54,231.49500000000006
2015-06-24 23:00:00,231.32000000000005
2015-06-25 01:46:42,230.64500000000004
2015-06-25 02:46:56,231.34500000000003
2015-06-25 03:47:05,230.84500000000003
2015-06-25 04:47:13,230.59500000000003
2015-06-25 23:00:00,231.02000000000004
2015-06-26 01:30:43,230.39500000000004
2015-06-26 02:30:57,231.04500000000004
2015-06-26 03:31:08,231.09500000000003
2015-06-26 04:31:23,230.99500000000003
2015-06-26 23:00:00,231.17000000000004
2015-06-29 01:25:54,227.64500000000004
2015-06-29 02:26:42,227.94500000000005
2015-06-29 03:26:51,226.89500000000004
2015-06-29 04:27:01,226.89500000000004
2015-06-29 23:00:00,227.77000000000004
2015-06-30 01:40:14,227.39500000000004
2015-06-30 02:40:32,228.04500000000004
2015-06-30 03:40:42,227.74500000000003
2015-06-30 04:40:52,227.84500000000003
2015-06-30 23:00:00,228.62000000000003
2015-07-01 01:28:42,228.54500000000004
2015-07-01 02:29:01,229.49500000000003
2015-07-01 03:29:11,230.54500000000004
2015-07-01 04:29:19,231.24500000000003
2015-07-01 23:00:00,231.87000000000006
2015-07-02 02:01:41,232.04500000000002
2015-07-02 03:01:56,232.09500000000003
2015-07-02 04:02:06,232.09500000000003
2015-07-02 05:02:15,232.19500000000002
2015-07-02 23:00:00,232.07000000000005
2015-07-03 01:41:08,231.74500000000006
2015-07-03 02:41:22,231.09500000000003
2015-07-03 03:41:31,230.44500000000005
2015-07-03 04:42:16,231.24500000000003
2015-07-03 23:00:00,231.27000000000004
2015-07-06 01:24:45,228.49500000000003
2015-07-06 02:25:33,228.24500000000003
2015-07-06 03:25:44,228.04500000000004
2015-07-06 04:25:54,226.89500000000004
2015-07-06 23:00:00,224.92000000000004
2015-07-07 02:01:41,225.54500000000004
2015-07-07 03:01:55,225.04500000000004
2015-07-07 04:02:05,224.49500000000003
2015-07-07 05:02:15,224.29500000000004
2015-07-07 23:00:00,225.32000000000005
2015-07-08 01:27:29,225.24500000000003
2015-07-08 02:28:24,223.99500000000003
2015-07-08 03:28:34,223.14500000000004
2015-07-08 04:28:43,222.19500000000005
2015-07-08 23:00:00,221.77000000000004
2015-07-09 01:46:42,219.24500000000003
2015-07-09 02:46:57,219.34500000000003
2015-07-09 03:47:07,220.34500000000003
2015-07-09 04:47:53,221.59500000000003
2015-07-09 23:00:00,223.82000000000005
2015-07-10 01:30:49,223.39500000000004
2015-07-10 02:31:03,223.64500000000004
2015-07-10 03:31:16,223.89500000000004
2015-07-10 04:31:24,223.29500000000004
2015-07-10 23:00:00,223.82000000000005
2015-07-13 01:26:16,223.59500000000003
2015-07-13 02:26:28,223.69500000000005
2015-07-13 03:26:36,225.39500000000004
2015-07-13 04:26:46,226.29500000000004
2015-07-13 05:26:55,226.74500000000003
2015-07-13 23:00:00,225.67000000000004
2015-07-14 01:30:34,226.14500000000004
2015-07-14 02:31:36,224.69500000000005
2015-07-14 03:31:47,224.79500000000004
2015-07-14 04:31:57,224.99500000000003
2015-07-14 23:00:00,225.37000000000003
2015-07-15 01:30:27,227.64500000000004
2015-07-15 02:30:41,226.54500000000004
2015-07-15 03:30:53,225.44500000000005
2015-07-15 04:31:02,225.54500000000004
2015-07-15 23:00:00,226.07000000000005
2015-07-16 01:51:58,226.14500000000004
2015-07-16 02:52:15,226.54500000000004
2015-07-16 03:52:27,227.14500000000004
2015-07-16 04:52:38,226.69500000000005
2015-07-16 23:00:00,227.72000000000003
2015-07-17 01:52:25,227.74500000000003
2015-07-17 02:52:40,226.04500000000004
2015-07-17 03:52:49,226.34500000000003
2015-07-17 04:52:59,226.39500000000004
2015-07-17 23:00:00,226.17000000000004
2015-07-20 02:01:40,227.29500000000004
2015-07-20 03:01:55,226.09500000000003
2015-07-20 04:02:06,225.74500000000003
2015-07-20 05:02:14,225.34500000000003
2015-07-20 23:00:00,225.57000000000005
2015-07-21 02:01:41,227.59500000000003
2015-07-21 03:01:55,225.99500000000003
2015-07-21 04:02:04,225.74500000000003
2015-07-21 05:02:14,225.04500000000004
2015-07-21 23:00:00,226.17000000000004
2015-07-22 01:38:33,224.84500000000003
2015-07-22 02:38:46,224.39500000000004
2015-07-22 03:38:55,223.84500000000003
2015-07-22 04:39:06,223.59500000000003
2015-07-22 23:00:00,223.59500000000003
2015-07-23 01:35:20,223.49500000000003
2015-07-23 02:35:33,224.09500000000003
2015-07-23 03:35:44,223.49500000000003
2015-07-23 04:35:54,223.49500000000003
2015-07-23 23:00:00,223.77000000000004
2015-07-24 01:35:36,221.59500000000003
2015-07-24 02:35:51,221.24500000000003
2015-07-24 03:36:02,220.64500000000004
2015-07-24 04:36:12,220.89500000000004
2015-07-24 23:00:00,221.02000000000004
2015-07-27 01:43:56,221.29500000000004
2015-07-27 02:44:09,220.24500000000003
2015-07-27 03:44:19,220.99500000000003
2015-07-27 04:44:28,220.59500000000003
2015-07-27 23:00:00,221.47000000000003
2015-07-28 01:28:16,220.44500000000005
2015-07-28 02:28:49,220.99500000000003
2015-07-28 03:28:59,220.89500000000004
2015-07-28 04:29:07,221.94500000000005
2015-07-28 23:00:00,221.72000000000003
2015-07-29 01:48:11,221.94500000000005
2015-07-29 02:48:24,222.54500000000004
2015-07-29 03:48:34,222.74500000000003
2015-07-29 04:48:43,222.89500000000004
2015-07-29 23:00:00,222.77000000000004
2015-07-30 02:01:41,222.24500000000003
2015-07-30 03:01:57,220.89500000000004
2015-07-30 04:02:07,221.79500000000004
2015-07-30 05:02:17,221.14500000000004
2015-07-30 23:00:00,220.72000000000003
2015-07-31 01:51:02,220.54500000000004
2015-07-31 02:51:19,218.84500000000003
2015-07-31 03:51:29,219.04500000000004
2015-07-31 04:51:38,218.79500000000004
2015-07-31 23:00:00,219.72000000000003
2015-08-03 01:44:34,218.49500000000003
2015-08-03 02:44:47,217.69500000000005
2015-08-03 03:44:57,218.39500000000004
2015-08-03 04:45:07,218.49500000000003
2015-08-03 23:00:00,218.52000000000004
2015-08-04 02:01:39,219.14500000000004
2015-08-04 03:01:54,219.04500000000004
2015-08-04 04:02:04,218.54500000000004
2015-08-04 05:02:13,218.64500000000004
2015-08-04 23:00:00,219.52000000000004
2015-08-05 01:32:32,219.04500000000004
2015-08-05 02:32:46,218.74500000000003
2015-08-05 03:32:58,220.24500000000003
2015-08-05 04:33:08,219.69500000000005
2015-08-05 23:00:00,219.82000000000005
2015-08-06 01:55:20,219.99500000000003
2015-08-06 02:55:36,217.79500000000004
2015-08-06 03:55:46,217.69500000000005
2015-08-06 04:55:54,217.14500000000004
2015-08-06 23:00:00,216.62000000000003
2015-08-07 01:37:17,215.59500000000003
2015-08-07 02:37:32,216.09500000000003
2015-08-07 03:37:43,216.24500000000003
2015-08-07 04:37:53,216.14500000000004
2015-08-07 23:00:00,216.17000000000004
2015-08-10 01:39:20,214.84500000000003
2015-08-10 02:39:28,215.39500000000004
2015-08-10 03:39:40,215.14500000000004
2015-08-10 04:40:05,215.39500000000004
2015-08-10 23:00:00,215.72000000000003
2015-08-11 02:01:38,216.34500000000003
2015-08-11 03:01:48,218.39500000000004
2015-08-11 04:01:55,216.39500000000004
2015-08-11 05:02:04,215.69500000000005
2015-08-11 23:00:00,214.82000000000005
2015-08-12 01:31:51,214.49500000000003
2015-08-12 02:32:02,212.49500000000003
2015-08-12 03:32:10,212.39500000000004
2015-08-12 04:32:18,212.24500000000003
2015-08-12 23:00:00,212.72000000000003
2015-08-13 02:01:39,212.99500000000003
2015-08-13 03:01:48,212.94500000000005
2015-08-13 04:01:57,213.74500000000003
2015-08-13 05:02:05,213.79500000000004
2015-08-13 23:00:00,214.62000000000003
2015-08-17 01:41:38,213.44500000000005
2015-08-17 02:41:47,212.99500000000003
2015-08-17 03:42:02,212.29500000000004
2015-08-17 04:42:27,212.74500000000003
2015-08-17 23:00:00,212.42000000000004
2015-08-18 01:29:02,212.64500000000004
2015-08-18 02:29:13,213.04500000000004
2015-08-18 03:29:21,212.19500000000005
2015-08-18 04:29:29,212.09500000000003
2015-08-18 23:00:00,211.67000000000004
2015-08-19 02:01:38,211.24500000000003
2015-08-19 03:01:46,210.19500000000005
2015-08-19 04:01:55,209.74500000000003
2015-08-19 05:02:04,209.69500000000005
2015-08-19 23:00:00,209.87000000000003
2015-08-20 01:35:13,209.64500000000004
2015-08-20 02:35:23,208.89500000000004
2015-08-20 03:35:33,208.44500000000005
2015-08-20 04:35:53,208.59500000000003
2015-08-20 23:00:00,207.67000000000004
2015-08-21 01:46:03,203.64500000000004
2015-08-21 02:46:14,204.29500000000004
2015-08-21 03:46:26,204.19500000000005
2015-08-21 04:46:49,203.34500000000003
2015-08-21 23:00:00,204.37000000000003
2015-08-24 01:35:15,202.12000000000003
2015-08-24 02:35:26,202.04500000000004
2015-08-24 03:35:37,198.44500000000005
2015-08-24 04:35:47,194.94500000000005
2015-08-24 23:00:00,197.27000000000004
2015-08-25 01:29:01,195.04500000000004
2015-08-25 02:29:10,198.19500000000005
2015-08-25 03:29:19,200.59500000000003
2015-08-25 04:29:28,200.84500000000003
2015-08-25 23:00:00,199.42000000000004
2015-08-26 23:00:00,203.02000000000004
2015-08-27 23:00:00,204.22000000000003
2015-08-28 23:00:00,207.67000000000004
2015-08-31 01:40:24,206.09500000000003
2015-08-31 02:40:33,206.19500000000005
2015-08-31 03:40:49,206.04500000000004
2015-08-31 04:41:15,206.29500000000004
2015-08-31 23:00:00,207.32000000000005
2015-09-01 23:00:00,205.07000000000005
2015-09-02 23:00:00,205.72000000000003
2015-09-03 01:01:05,206.39500000000004
2015-09-03 02:01:16,206.29500000000004
2015-09-03 03:01:24,206.09500000000003
2015-09-03 04:01:32,205.64500000000004
2015-09-03 05:01:41,205.49500000000003
2015-09-03 23:00:00,205.77000000000004
2015-09-04 01:33:25,204.94500000000005
2015-09-04 02:33:59,205.24500000000003
2015-09-04 03:34:27,204.89500000000004
2015-09-04 04:34:36,204.04500000000004
2015-09-04 23:00:00,203.62000000000003
2015-09-07 01:36:12,202.69500000000005
2015-09-07 02:37:24,204.84500000000003
2015-09-07 03:38:05,203.74500000000003
2015-09-07 04:38:15,204.04500000000004
2015-09-07 23:00:00,203.62000000000003
2015-09-08 01:23:26,203.62000000000003
2015-09-08 02:23:45,203.62000000000003
2015-09-08 03:23:55,203.62000000000003
2015-09-08 04:24:04,203.62000000000003
2015-09-08 23:00:00,204.12000000000003
2015-09-09 01:26:48,204.12000000000003
2015-09-09 02:27:05,204.12000000000003
2015-09-09 03:27:14,204.12000000000003
2015-09-09 04:27:24,204.12000000000003
2015-09-09 23:00:00,211.12000000000003
2015-09-10 01:29:45,209.14500000000004
2015-09-10 02:30:08,208.54500000000004
2015-09-10 03:30:22,210.39500000000004
2015-09-10 04:30:33,210.02000000000004
2015-09-10 06:48:53,210.89500000000004
2015-09-10 23:00:00,210.92000000000004
2015-09-11 01:01:04,209.89500000000004
2015-09-11 02:01:14,210.44500000000005
2015-09-11 03:01:26,210.59500000000003
2015-09-11 04:01:39,210.89500000000004
2015-09-11 05:01:51,210.54500000000004
2015-09-11 23:00:00,210.02000000000004
2015-09-14 01:01:05,210.72000000000003
2015-09-14 02:01:16,209.04500000000004
2015-09-14 03:01:30,208.34500000000003
2015-09-14 04:01:42,208.59500000000003
2015-09-14 05:01:51,207.74500000000003
2015-09-14 23:00:00,208.37000000000003
2015-09-15 01:29:55,208.29500000000004
2015-09-15 02:30:14,208.99500000000003
2015-09-15 03:30:30,209.24500000000003
2015-09-15 04:30:41,208.84500000000003
2015-09-15 23:00:00,208.97000000000003
2015-09-16 01:34:19,213.04500000000004
2015-09-16 02:34:44,213.79500000000004
2015-09-16 03:34:57,214.49500000000003
2015-09-16 04:35:07,214.14500000000004
2015-09-16 23:00:00,214.62000000000003
2015-09-17 01:38:32,215.69500000000005
2015-09-17 02:38:43,216.34500000000003
2015-09-17 03:38:53,216.04500000000004
2015-09-17 04:39:02,215.89500000000004
2015-09-17 23:00:00,215.62000000000003
2015-09-18 01:44:32,213.69500000000005
2015-09-18 02:44:43,215.04500000000004
2015-09-18 03:44:59,216.04500000000004
2015-09-18 04:45:08,216.44500000000005
2015-09-18 23:00:00,216.92000000000004
2015-09-21 01:01:05,213.89500000000004
2015-09-21 02:01:14,213.09500000000003
2015-09-21 03:01:28,212.99500000000003
2015-09-21 04:01:42,212.49500000000003
2015-09-21 05:01:55,212.34500000000003
2015-09-21 23:00:00,212.34500000000003
2015-09-22 01:37:36,212.94500000000005
2015-09-22 02:38:47,213.89500000000004
2015-09-22 03:39:34,213.79500000000004
2015-09-22 04:39:43,213.79500000000004
2015-09-22 23:00:00,214.32000000000005
2015-09-23 01:33:28,211.34500000000003
2015-09-23 02:33:56,212.29500000000004
2015-09-23 03:34:08,211.59500000000003
2015-09-23 04:34:17,211.24500000000003
2015-09-23 23:00:00,211.12000000000003
2015-09-24 01:54:16,211.39500000000004
2015-09-24 02:54:28,211.44500000000005
2015-09-24 03:54:38,210.59500000000003
2015-09-24 04:54:48,210.19500000000005
2015-09-24 23:00:00,210.19500000000005
2015-09-25 01:53:26,209.54500000000004
2015-09-25 02:53:36,209.24500000000003
2015-09-25 03:53:46,209.69500000000005
2015-09-25 04:53:55,209.34500000000003
2015-09-25 23:00:00,210.62000000000003
2015-09-30 01:47:02,207.14500000000004
2015-09-30 02:47:14,208.74500000000003
2015-09-30 03:47:25,209.34500000000003
2015-09-30 04:47:48,211.39500000000004
2015-09-30 23:00:00,212.32000000000005
2015-10-01 02:10:37,213.14500000000004
2015-10-01 03:11:34,214.54500000000004
2015-10-01 04:12:05,215.89500000000004
2015-10-01 05:12:55,215.79500000000004
2015-10-01 23:00:00,214.77000000000004
2015-10-02 01:55:15,214.19500000000005
2015-10-02 02:55:27,214.44500000000005
2015-10-02 03:55:38,214.54500000000004
2015-10-02 04:55:49,214.14500000000004
2015-10-02 23:00:00,212.97000000000003
2015-10-05 01:55:47,216.09500000000003
2015-10-05 02:56:01,215.64500000000004
2015-10-05 03:56:39,216.44500000000005
2015-10-05 04:56:50,216.09500000000003
2015-10-05 23:00:00,214.02000000000004
2015-10-06 01:41:25,216.54500000000004
2015-10-06 02:41:42,216.39500000000004
2015-10-06 03:42:12,216.19500000000005
2015-10-06 04:42:23,216.24500000000003
2015-10-06 23:00:00,215.92000000000004
2015-10-07 02:07:12,217.89500000000004
2015-10-07 03:07:42,218.34500000000003
2015-10-07 04:08:11,218.74500000000003
2015-10-07 05:08:23,219.39500000000004
2015-10-07 23:00:00,219.57000000000005
2015-10-08 02:15:10,221.39500000000004
2015-10-08 03:15:46,220.09500000000003
2015-10-08 04:16:26,220.94500000000005
2015-10-08 05:16:36,220.14500000000004
2015-10-08 23:00:00,221.57000000000005
2015-10-12 23:00:00,222.92000000000004
2015-10-13 01:54:31,222.34500000000003
2015-10-13 02:54:55,222.99500000000003
2015-10-13 03:55:37,222.29500000000004
2015-10-13 04:55:47,222.39500000000004
2015-10-13 23:00:00,222.27000000000004
2015-10-14 02:04:15,221.29500000000004
2015-10-14 03:04:47,221.24500000000003
2015-10-14 04:05:41,221.84500000000003
2015-10-14 05:05:53,221.74500000000003
2015-10-14 23:00:00,221.87000000000003
2015-10-15 01:54:49,223.79500000000004
2015-10-15 02:55:01,224.89500000000004
2015-10-15 03:55:12,224.74500000000003
2015-10-15 04:55:23,225.04500000000004
2015-10-15 23:00:00,224.87000000000003
2015-10-16 01:53:24,224.09500000000003
2015-10-16 02:53:36,224.24500000000003
2015-10-16 03:53:48,224.04500000000004
2015-10-16 04:53:59,223.84500000000003
2015-10-16 23:00:00,224.07000000000005
2015-10-19 01:55:02,224.74500000000003
2015-10-19 02:55:31,223.44500000000005
2015-10-19 03:56:14,224.04500000000004
2015-10-19 04:56:25,223.64500000000004
2015-10-19 23:00:00,223.82000000000005
2015-10-20 01:42:09,223.54500000000004
2015-10-20 02:42:43,224.59500000000003
2015-10-20 03:42:56,224.59500000000003
2015-10-20 04:43:08,224.74500000000003
2015-10-20 23:00:00,224.67000000000004
2015-10-21 01:50:47,226.74500000000003
2015-10-21 02:51:00,226.24500000000003
2015-10-21 03:51:12,226.24500000000003
2015-10-21 04:51:22,226.64500000000004
2015-10-21 23:00:00,225.47000000000003
2015-10-22 01:54:17,225.29500000000004
2015-10-22 02:54:29,224.99500000000003
2015-10-22 03:54:40,225.29500000000004
2015-10-22 04:54:50,224.74500000000003
2015-10-22 23:00:00,224.27000000000004
2015-10-23 02:18:05,227.89500000000004
2015-10-23 03:19:23,227.64500000000004
2015-10-23 04:19:36,227.04500000000004
2015-10-23 05:19:49,226.84500000000003
2015-10-23 23:00:00,225.92000000000004
2015-10-26 01:01:05,226.99500000000003
2015-10-26 02:02:06,226.94500000000005
2015-10-26 03:02:46,226.74500000000003
2015-10-26 04:04:51,226.44500000000005
2015-10-26 05:05:04,226.64500000000004
2015-10-26 23:00:00,226.57000000000005
2015-10-27 01:50:02,226.69500000000005
2015-10-27 02:50:22,226.19500000000005
2015-10-27 03:50:34,226.19500000000005
2015-10-27 04:50:58,226.04500000000004
2015-10-27 23:00:00,226.87000000000003
2015-10-28 01:52:09,225.79500000000004
2015-10-28 02:52:21,225.99500000000003
2015-10-28 03:52:32,225.24500000000003
2015-10-28 04:52:42,225.54500000000004
2015-10-28 23:00:00,226.87000000000003
2015-10-29 01:57:14,226.94500000000005
2015-10-29 02:57:27,225.74500000000003
2015-10-29 03:57:40,225.69500000000005
2015-10-29 04:57:51,225.59500000000003
2015-10-29 23:00:00,225.59500000000003
2015-10-30 23:00:00,225.59500000000003
2015-11-02 01:01:07,226.69500000000005
2015-11-02 02:01:16,226.62000000000003
2015-11-02 03:01:29,226.59500000000003
2015-11-02 04:01:42,226.54500000000004
2015-11-02 05:01:54,226.54500000000004
2015-11-02 23:00:00,226.42000000000004
2015-11-03 01:01:06,229.19500000000005
2015-11-03 02:01:16,228.79500000000004
2015-11-03 03:01:29,228.64500000000004
2015-11-03 04:01:44,228.74500000000003
2015-11-03 05:01:56,228.94500000000005
2015-11-03 23:00:00,229.12000000000003
2015-11-04 01:31:10,228.04500000000004
2015-11-04 02:33:32,229.64500000000004
2015-11-04 03:33:46,229.29500000000004
2015-11-04 04:33:59,228.89500000000004
2015-11-04 23:00:00,228.67000000000004
2015-11-05 01:46:53,227.54500000000004
2015-11-05 02:47:16,227.89500000000004
2015-11-05 03:47:53,228.09500000000003
2015-11-05 04:48:27,228.54500000000004
2015-11-05 23:00:00,228.52000000000004
2015-11-06 01:01:05,228.44500000000005
2015-11-06 02:01:16,227.49500000000003
2015-11-06 03:01:31,227.39500000000004
2015-11-06 04:01:44,226.99500000000003
2015-11-06 05:01:58,226.54500000000004
2015-11-06 23:00:00,226.82000000000005
2015-11-09 01:01:05,225.49500000000003
2015-11-09 02:01:16,225.89500000000004
2015-11-09 03:01:30,226.34500000000003
2015-11-09 04:01:44,226.29500000000004
2015-11-09 05:01:56,226.04500000000004
2015-11-09 23:00:00,226.04500000000004
2015-11-10 01:46:05,223.84500000000003
2015-11-10 02:46:58,223.24500000000003
2015-11-10 03:47:39,222.39500000000004
2015-11-10 04:47:50,222.34500000000003
2015-11-10 23:00:00,222.34500000000003
2015-11-11 01:55:19,221.54500000000004
2015-11-11 02:55:46,220.54500000000004
2015-11-11 03:56:22,221.44500000000005
2015-11-11 04:56:32,221.79500000000004
2015-11-11 23:00:00,221.79500000000004
2015-11-12 01:55:26,221.14500000000004
2015-11-12 02:55:47,221.49500000000003
2015-11-12 03:56:07,221.79500000000004
2015-11-12 04:56:18,221.34500000000003
2015-11-12 23:00:00,221.34500000000003
2015-11-13 01:56:12,219.09500000000003
2015-11-13 02:56:23,219.39500000000004
2015-11-13 03:56:34,219.04500000000004
2015-11-13 04:56:45,219.14500000000004
2015-11-13 23:00:00,219.14500000000004
2015-11-16 01:01:07,216.09500000000003
2015-11-16 02:05:56,216.74500000000003
2015-11-16 03:06:53,216.64500000000004
2015-11-16 04:07:28,216.59500000000003
2015-11-16 05:07:38,216.29500000000004
2015-11-16 23:00:00,216.29500000000004
2015-11-17 01:01:06,217.29500000000004
2015-11-17 02:12:53,217.74500000000003
2015-11-17 03:13:36,218.04500000000004
2015-11-17 04:14:03,217.79500000000004
2015-11-17 05:14:12,218.14500000000004
2015-11-17 23:00:00,218.14500000000004
2015-11-18 02:06:24,217.99500000000003
2015-11-18 03:07:01,217.39500000000004
2015-11-18 04:07:12,217.44500000000005
2015-11-18 05:07:23,217.34500000000003
2015-11-18 23:00:00,217.34500000000003
2015-11-19 02:15:20,220.34500000000003
2015-11-19 03:15:30,220.04500000000004
2015-11-19 04:15:42,220.04500000000004
2015-11-19 05:15:52,220.14500000000004
2015-11-19 23:00:00,220.14500000000004
2015-11-20 02:18:42,220.99500000000003
2015-11-20 03:18:52,220.94500000000005
2015-11-20 04:19:03,220.99500000000003
2015-11-20 05:19:14,220.64500000000004
2015-11-20 23:00:00,220.64500000000004
2015-11-23 02:12:05,222.09500000000003
2015-11-23 03:12:49,222.39500000000004
2015-11-23 04:13:27,222.64500000000004
2015-11-23 05:13:37,222.29500000000004
2015-11-23 23:00:00,222.77000000000004
2015-11-24 01:01:06,222.64500000000004
2015-11-24 03:44:02,222.49500000000003
2015-11-24 04:46:23,222.54500000000004
2015-11-24 23:00:00,223.37000000000003
2015-11-25 03:57:14,223.24500000000003
2015-11-25 04:58:01,223.14500000000004
2015-11-25 23:00:00,223.12000000000003
2015-11-26 04:09:50,225.84500000000003
2015-11-26 05:10:17,226.29500000000004
2015-11-26 23:00:00,226.07000000000005
2015-11-27 03:27:07,225.79500000000004
2015-11-27 04:27:35,225.54500000000004
2015-11-27 05:27:56,225.74500000000003
2015-11-27 23:00:00,225.47000000000003
2015-11-30 01:01:07,222.19500000000005
2015-11-30 03:13:54,220.94500000000005
2015-11-30 04:15:46,219.79500000000004
2015-11-30 05:16:12,220.04500000000004
2015-11-30 23:00:00,220.62000000000003
2015-12-01 02:59:46,223.64500000000004
2015-12-01 04:01:59,224.69500000000005
2015-12-01 05:02:23,224.19500000000005
2015-12-01 23:00:00,224.27000000000004
2015-12-02 03:28:10,223.39500000000004
2015-12-02 04:29:24,223.09500000000003
2015-12-02 05:29:47,223.04500000000004
2015-12-02 23:00:00,222.57000000000005
2015-12-03 01:01:07,218.84500000000003
2015-12-03 03:49:27,219.34500000000003
2015-12-03 04:50:44,219.69500000000005
2015-12-03 23:00:00,220.37000000000003
2015-12-04 03:32:48,217.94500000000005
2015-12-04 04:34:13,218.14500000000004
2015-12-04 23:00:00,217.47000000000003
2015-12-07 02:31:38,217.94500000000005
2015-12-07 03:32:18,217.94500000000005
2015-12-07 04:32:42,217.99500000000003
2015-12-07 23:00:00,217.27000000000004
2015-12-08 01:01:06,217.27000000000004
2015-12-08 03:12:44,217.27000000000004
2015-12-08 04:15:20,217.27000000000004
2015-12-08 05:16:57,217.27000000000004
2015-12-08 23:00:00,215.67000000000004
2015-12-09 02:50:39,215.67000000000004
2015-12-09 03:51:15,215.67000000000004
2015-12-09 04:51:49,215.67000000000004
2015-12-09 23:00:00,215.72000000000003
2015-12-10 01:01:09,216.02000000000004
2015-12-10 03:47:12,215.77000000000004
2015-12-10 04:47:46,215.64500000000004
2015-12-10 23:00:00,216.57000000000002
2015-12-11 03:43:24,215.99500000000003
2015-12-11 04:44:05,215.99500000000003
2015-12-11 23:00:00,216.22000000000003
2015-12-14 02:14:43,214.19500000000002
2015-12-14 03:15:28,213.89500000000004
2015-12-14 04:16:22,214.29500000000002
2015-12-14 05:16:35,213.79500000000002
2015-12-14 23:00:00,214.52000000000004
2015-12-15 02:07:03,214.59500000000003
2015-12-15 03:07:18,214.74500000000003
2015-12-15 04:07:31,214.74500000000003
2015-12-15 05:07:43,214.74500000000003
2015-12-15 23:00:00,215.07000000000002
2015-12-16 23:00:00,220.12000000000003
2015-12-17 01:01:13,220.09500000000003
2015-12-17 23:00:00,219.22000000000003
2015-12-18 23:00:00,219.62000000000003
2015-12-21 23:00:00,219.72000000000003
2015-12-22 01:01:05,219.29500000000002
2015-12-22 02:01:17,218.74500000000003
2015-12-22 03:01:31,219.29500000000002
2015-12-22 04:01:44,219.69500000000002
2015-12-22 05:01:56,220.64500000000004
2015-12-22 23:00:00,220.52000000000004
2015-12-23 02:02:00,223.54500000000002
2015-12-23 03:02:18,223.39500000000004
2015-12-23 04:02:55,223.29500000000002
2015-12-23 05:03:06,222.94500000000002
2015-12-23 23:00:00,222.97000000000003
2015-12-24 23:00:00,220.62000000000003
2015-12-28 23:00:00,218.02000000000004
2015-12-29 01:39:27,218.79500000000002
2015-12-29 02:39:59,219.34500000000003
2015-12-29 03:40:20,219.34500000000003
2015-12-29 04:40:31,219.44500000000002
2015-12-29 23:00:00,220.62000000000003
2015-12-30 01:49:31,219.54500000000002
2015-12-30 02:49:44,219.14500000000004
2015-12-30 03:49:54,218.89500000000004
2015-12-30 04:50:04,218.89500000000004
2015-12-30 23:00:00,218.67000000000002
2016-01-04 01:53:22,216.94500000000002
2016-01-04 02:53:45,215.19500000000002
2016-01-04 03:54:21,214.49500000000003
2016-01-04 04:54:31,214.49500000000003
2016-01-04 23:00:00,213.22000000000003
2016-01-05 01:48:08,213.74500000000003
2016-01-05 02:48:20,215.19500000000002
2016-01-05 03:48:31,215.14500000000004
2016-01-05 04:48:41,214.94500000000002
2016-01-05 23:00:00,214.62000000000003
2016-01-06 01:01:04,214.09500000000003
2016-01-06 02:16:10,212.89500000000004
2016-01-06 03:17:05,212.09500000000003
2016-01-06 04:17:38,212.44500000000002
2016-01-06 05:17:50,212.29500000000002
2016-01-06 23:00:00,213.67000000000002
2016-01-07 01:01:05,212.69500000000002
2016-01-07 02:26:12,210.67000000000002
2016-01-07 03:27:05,210.89500000000004
2016-01-07 04:27:15,211.42000000000002
2016-01-07 05:27:26,211.19500000000002
2016-01-07 23:00:00,210.72000000000003
2016-01-08 02:13:02,210.69500000000002
2016-01-08 03:13:14,211.04500000000002
2016-01-08 04:13:24,211.24500000000003
2016-01-08 05:13:34,212.14500000000004
2016-01-08 23:00:00,212.02000000000004
2016-01-11 01:01:05,209.74500000000003
2016-01-11 02:06:28,209.79500000000002
2016-01-11 03:06:56,210.09500000000003
2016-01-11 04:07:37,210.34500000000003
2016-01-11 05:07:49,210.04500000000002
2016-01-11 23:00:00,209.97000000000003
2016-01-12 02:19:47,210.09500000000003
2016-01-12 03:20:21,209.34500000000003
2016-01-12 04:21:09,210.09500000000003
2016-01-12 05:21:25,209.29500000000002
2016-01-12 23:00:00,208.62000000000003
2016-01-13 01:01:06,211.54500000000002
2016-01-13 02:31:07,212.84500000000003
2016-01-13 03:31:21,212.39500000000004
2016-01-13 04:31:52,212.44500000000002
2016-01-13 23:00:00,212.72000000000003
2016-01-14 02:41:58,209.04500000000002
2016-01-14 03:42:24,208.69500000000002
2016-01-14 04:42:33,208.34500000000003
2016-01-14 23:00:00,211.32000000000002
2016-01-15 01:01:06,210.34500000000003
2016-01-15 02:41:54,208.99500000000003
2016-01-15 03:42:20,208.04500000000002
2016-01-15 04:42:30,206.79500000000002
2016-01-15 23:00:00,207.27000000000004
2016-01-18 02:18:31,206.74500000000003
2016-01-18 03:19:09,206.14500000000004
2016-01-18 04:19:48,207.44500000000002
2016-01-18 05:19:59,207.44500000000002
2016-01-18 23:00:00,207.42000000000002
2016-01-19 02:16:04,206.74500000000003
2016-01-19 03:17:14,205.94500000000002
2016-01-19 04:17:55,206.64500000000004
2016-01-19 05:18:04,207.59500000000003
2016-01-19 23:00:00,208.47000000000003
2016-01-20 02:11:49,205.69500000000002
2016-01-20 03:12:34,204.99500000000003
2016-01-20 04:12:48,203.14500000000004
2016-01-20 05:13:01,202.19500000000002
2016-01-20 23:00:00,202.27000000000004
2016-01-21 02:28:02,203.99500000000003
2016-01-21 03:28:18,204.59500000000003
2016-01-21 04:28:49,204.69500000000002
2016-01-21 05:29:00,203.74500000000003
2016-01-21 23:00:00,203.22000000000003
2016-01-22 02:20:56,206.69500000000002
2016-01-22 03:21:09,207.19500000000002
2016-01-22 04:21:20,205.64500000000004
2016-01-22 05:21:29,206.19500000000002
2016-01-22 23:00:00,207.52000000000004
2016-01-25 02:04:47,209.69500000000002
2016-01-25 03:05:04,209.59500000000003
2016-01-25 04:05:17,209.34500000000003
2016-01-25 05:05:30,209.74500000000003
2016-01-25 23:00:00,209.42000000000002
2016-01-26 02:17:49,205.09500000000003
2016-01-26 03:18:37,206.99500000000003
2016-01-26 04:19:14,205.99500000000003
2016-01-26 05:19:25,206.09500000000003
2016-01-26 23:00:00,206.02000000000004
2016-01-27 02:27:34,208.09500000000003
2016-01-27 03:27:50,208.04500000000002
2016-01-27 04:28:37,208.14500000000004
2016-01-27 05:28:46,208.89500000000004
2016-01-27 23:00:00,209.27000000000004
2016-01-28 02:24:21,209.29500000000002
2016-01-28 03:24:35,209.29500000000002
2016-01-28 04:24:48,209.04500000000002
2016-01-28 05:25:00,209.49500000000003
2016-01-28 23:00:00,209.22000000000003
2016-01-29 02:21:06,208.94500000000002
2016-01-29 03:21:18,209.44500000000002
2016-01-29 04:21:28,208.09500000000003
2016-01-29 05:21:39,209.49500000000003
2016-01-29 23:00:00,210.52000000000004
2016-02-01 02:17:31,211.24500000000003
2016-02-01 03:18:33,211.29500000000002
2016-02-01 04:19:20,211.44500000000002
2016-02-01 05:19:30,211.29500000000002
2016-02-01 23:00:00,211.72000000000003
2016-02-02 01:01:05,210.39500000000004
2016-02-02 02:20:57,211.49500000000003
2016-02-02 03:21:45,211.19500000000002
2016-02-02 04:22:33,210.89500000000004
2016-02-02 05:22:44,210.59500000000003
2016-02-02 23:00:00,210.12000000000003
2016-02-03 02:29:21,206.94500000000002
2016-02-03 03:29:34,206.64500000000004
2016-02-03 04:30:01,207.49500000000003
2016-02-03 05:30:12,207.14500000000004
2016-02-03 23:00:00,207.12000000000003
2016-02-04 02:41:02,211.14500000000004
2016-02-04 03:41:29,211.17000000000002
2016-02-04 04:41:42,211.69500000000002
2016-02-04 23:00:00,211.82000000000002
2016-02-05 02:38:49,212.14500000000004
2016-02-05 03:39:53,212.59500000000003
2016-02-05 04:40:06,212.19500000000002
2016-02-05 23:00:00,212.22000000000003
2016-02-11 02:22:06,206.29500000000002
2016-02-11 03:22:17,206.24500000000003
2016-02-11 04:22:29,205.14500000000004
2016-02-11 05:22:41,205.54500000000002
2016-02-11 23:00:00,205.22000000000003
2016-02-12 01:01:05,205.14500000000004
2016-02-12 02:41:56,204.19500000000002
2016-02-12 03:42:25,203.44500000000002
2016-02-12 04:42:37,204.24500000000003
2016-02-12 23:00:00,203.92000000000002
2016-02-15 01:01:05,206.04500000000002
2016-02-15 02:18:50,207.29500000000002
2016-02-15 03:19:47,206.99500000000003
2016-02-15 04:20:19,207.09500000000003
2016-02-15 05:20:31,207.19500000000002
2016-02-15 23:00:00,206.97000000000003
2016-02-16 02:10:24,209.39500000000004
2016-02-16 03:10:43,210.59500000000003
2016-02-16 04:11:19,210.89500000000004
2016-02-16 05:11:33,210.69500000000002
2016-02-16 23:00:00,210.27000000000004
2016-02-17 02:13:00,211.39500000000004
2016-02-17 03:13:37,211.24500000000003
2016-02-17 04:13:52,210.29500000000002
2016-02-17 05:14:03,210.79500000000002
2016-02-17 23:00:00,210.72000000000003
2016-02-18 01:01:08,213.39500000000004
2016-02-18 02:41:19,213.04500000000002
2016-02-18 03:41:53,212.94500000000002
2016-02-18 04:42:05,212.79500000000002
2016-02-18 23:00:00,212.82000000000002
2016-02-19 01:01:05,212.79500000000002
2016-02-19 02:40:15,212.99500000000003
2016-02-19 03:40:43,212.89500000000004
2016-02-19 04:40:56,212.89500000000004
2016-02-19 23:00:00,213.07000000000002
2016-02-22 02:03:39,213.59500000000003
2016-02-22 03:03:55,213.24500000000003
2016-02-22 04:04:09,213.39500000000004
2016-02-22 05:04:21,213.49500000000003
2016-02-22 23:00:00,213.97000000000003
2016-02-23 01:01:06,214.34500000000003
2016-02-23 02:21:54,213.94500000000002
2016-02-23 03:22:25,214.19500000000002
2016-02-23 04:23:18,213.39500000000004
2016-02-23 05:23:30,213.69500000000002
2016-02-23 23:00:00,214.22000000000003
2016-02-24 02:14:20,213.89500000000004
2016-02-24 03:15:00,213.64500000000004
2016-02-24 04:15:10,213.59500000000003
2016-02-24 05:15:21,213.39500000000004
2016-02-24 23:00:00,213.47000000000003
2016-02-25 02:43:33,214.84500000000003
2016-02-25 03:43:58,213.64500000000004
2016-02-25 04:44:11,213.52000000000004
2016-02-25 23:00:00,213.67000000000002
2016-02-26 02:24:20,214.44500000000002
2016-02-26 03:24:33,214.39500000000004
2016-02-26 04:24:44,214.54500000000002
2016-02-26 05:24:55,214.39500000000004
2016-02-26 23:00:00,214.02000000000004
2016-02-29 02:03:01,214.14500000000004
2016-02-29 03:03:17,214.39500000000004
2016-02-29 04:03:32,214.29500000000002
2016-02-29 05:03:45,214.19500000000002
2016-02-29 23:00:00,213.42000000000002
2016-03-02 02:10:36,217.29500000000002
2016-03-02 03:10:50,217.34500000000003
2016-03-02 04:11:06,217.59500000000003
2016-03-02 05:11:18,217.49500000000003
2016-03-02 23:00:00,217.77000000000004
2016-03-03 01:01:05,217.94500000000002
2016-03-03 02:45:04,217.79500000000002
2016-03-03 03:45:23,217.99500000000003
2016-03-03 04:45:34,217.94500000000002
2016-03-03 23:00:00,218.22000000000003
2016-03-04 01:01:05,218.04500000000002
2016-03-04 02:45:15,218.54500000000002
2016-03-04 03:45:36,218.79500000000002
2016-03-04 04:45:48,218.64500000000004
2016-03-04 23:00:00,218.42000000000002
2016-03-07 02:21:18,219.04500000000002
2016-03-07 03:22:16,218.89500000000004
2016-03-07 04:23:04,218.94500000000002
2016-03-07 05:23:16,218.84500000000003
2016-03-07 23:00:00,218.82000000000002
2016-03-08 02:04:13,218.82000000000002
2016-03-08 03:04:31,218.82000000000002
2016-03-08 04:04:46,218.82000000000002
2016-03-08 05:04:59,218.82000000000002
2016-03-08 23:00:00,216.82000000000002
2016-03-09 02:15:15,216.82000000000002
2016-03-09 03:15:48,216.82000000000002
2016-03-09 04:16:09,216.82000000000002
2016-03-09 05:16:20,216.82000000000002
2016-03-09 23:00:00,217.92000000000002
2016-03-10 02:30:15,219.395
2016-03-10 03:30:30,219.445
2016-03-10 04:30:42,220.04500000000002
2016-03-10 05:30:52,220.595
2016-03-10 23:00:00,221.12
2016-03-11 02:24:44,220.79500000000002
2016-03-11 03:24:57,220.595
2016-03-11 04:25:08,220.945
2016-03-11 05:25:19,220.945
2016-03-11 23:00:00,220.72
2016-03-14 02:20:49,220.845
2016-03-14 03:21:44,220.845
2016-03-14 04:22:41,220.595
2016-03-14 05:22:52,220.695
2016-03-14 23:00:00,220.47
2016-03-15 02:07:53,220.445
2016-03-15 03:08:10,220.29500000000002
2016-03-15 04:08:41,220.195
2016-03-15 05:08:53,220.345
2016-03-15 23:00:00,220.37
2016-03-16 01:01:05,221.645
2016-03-16 02:34:10,221.095
2016-03-16 03:34:24,220.645
2016-03-16 04:34:39,220.345
2016-03-16 23:00:00,220.72
2016-03-17 01:01:06,223.645
2016-03-17 02:46:53,224.145
2016-03-17 03:47:12,224.29500000000002
2016-03-17 04:47:22,223.895
2016-03-17 23:00:00,222.32
2016-03-18 02:26:11,222.745
2016-03-18 03:26:24,222.695
2016-03-18 04:26:36,222.445
2016-03-18 05:26:47,222.345
2016-03-18 23:00:00,222.47
2016-03-21 01:01:05,222.54500000000002
2016-03-21 02:23:04,222.145
2016-03-21 03:23:59,222.095
2016-03-21 04:24:50,222.145
2016-03-21 05:25:01,221.945
2016-03-21 23:00:00,221.97
2016-03-22 02:05:32,222.595
2016-03-22 03:05:49,222.54500000000002
2016-03-22 04:06:03,222.29500000000002
2016-03-22 05:06:17,222.645
2016-03-22 23:00:00,223.52
2016-03-23 02:33:23,223.29500000000002
2016-03-23 03:33:40,222.995
2016-03-23 04:33:54,222.945
2016-03-23 23:00:00,222.92000000000002
2016-03-24 02:42:06,222.945
2016-03-24 03:42:42,222.895
2016-03-24 04:42:56,222.79500000000002
2016-03-24 23:00:00,222.47
2016-03-25 02:47:31,221.895
2016-03-25 03:49:32,222.145
2016-03-25 04:52:20,222.095
2016-03-25 23:00:00,222.17000000000002
2016-03-28 03:14:14,222.245
2016-03-28 04:14:31,222.29500000000002
2016-03-28 05:15:09,222.345
2016-03-28 23:00:00,222.345
2016-03-29 02:10:32,223.395
2016-03-29 03:11:10,223.79500000000002
2016-03-29 04:11:51,222.745
2016-03-29 05:12:04,222.595
2016-03-29 23:00:00,223.77
2016-03-30 02:02:03,224.895
2016-03-30 03:02:19,225.195
2016-03-30 04:02:32,225.145
2016-03-30 05:02:44,224.995
2016-03-30 23:00:00,224.97
2016-03-31 02:13:42,225.04500000000002
2016-03-31 03:14:00,224.745
2016-03-31 04:14:15,223.595
2016-03-31 05:14:27,223.495
2016-03-31 23:00:00,223.62
2016-04-01 02:14:11,222.54500000000002
2016-04-01 03:14:35,223.095
2016-04-01 04:14:51,222.145
2016-04-01 05:15:02,221.445
2016-04-01 23:00:00,219.87
2016-04-04 02:16:16,220.79500000000002
2016-04-04 03:16:34,220.445
2016-04-04 04:16:49,220.645
2016-04-04 05:17:02,220.54500000000002
2016-04-04 23:00:00,220.62
2016-04-05 02:31:35,218.79500000000002
2016-04-05 03:31:52,218.395
2016-04-05 04:32:06,218.995
2016-04-05 23:00:00,218.42000000000002
2016-04-06 03:00:02,219.595
2016-04-06 04:01:03,219.595
2016-04-06 05:01:15,219.645
2016-04-06 23:00:00,220.02
2016-04-07 04:20:56,219.29500000000002
2016-04-07 05:21:10,219.345
2016-04-07 23:00:00,220.12
2016-04-08 03:04:44,217.995
2016-04-08 04:05:02,217.495
2016-04-08 05:05:16,217.895
2016-04-08 23:00:00,219.32
2016-04-11 23:00:00,219.77
2016-04-12 02:43:09,220.29500000000002
2016-04-12 03:43:43,220.595
2016-04-12 04:43:57,220.695
2016-04-12 23:00:00,221.32
2016-04-14 01:01:05,224.445
2016-04-14 03:18:41,225.145
2016-04-14 04:19:21,225.245
2016-04-14 05:19:34,225.79500000000002
2016-04-14 23:00:00,226.42000000000002
2016-04-15 01:01:05,226.29500000000002
2016-04-15 03:15:56,226.595
2016-04-15 04:16:39,226.54500000000002
2016-04-15 05:16:53,226.395
2016-04-15 23:00:00,226.57
2016-04-18 02:43:27,225.145
2016-04-18 03:44:05,225.245
2016-04-18 04:44:20,225.29500000000002
2016-04-18 23:00:00,225.47
2016-04-19 01:01:05,226.245
2016-04-19 02:49:26,226.245
2016-04-19 03:49:58,225.845
2016-04-19 04:50:11,225.79500000000002
2016-04-19 23:00:00,226.02
2016-04-20 02:49:35,226.495
2016-04-20 03:49:54,226.29500000000002
2016-04-20 04:50:08,225.79500000000002
2016-04-20 23:00:00,225.07
2016-04-21 02:58:39,226.595
2016-04-21 03:58:55,226.645
2016-04-21 04:59:07,227.345
2016-04-21 23:00:00,227.02
2016-04-22 01:01:05,226.04500000000002
2016-04-22 03:20:35,226.395
2016-04-22 04:21:12,225.895
2016-04-22 05:21:25,225.695
2016-04-22 23:00:00,225.82
2016-04-25 02:32:44,225.745
2016-04-25 03:33:22,225.495
2016-04-25 04:33:36,225.595
2016-04-25 23:00:00,225.62
2016-04-26 02:26:10,227.04500000000002
2016-04-26 03:26:47,225.845
2016-04-26 04:27:02,225.895
2016-04-26 05:27:16,225.895
2016-04-26 23:00:00,226.32
2016-04-27 02:51:14,226.42000000000002
2016-04-27 03:51:31,226.54500000000002
2016-04-27 04:51:46,226.495
2016-04-27 23:00:00,226.27
2016-04-28 03:06:39,226.04500000000002
2016-04-28 04:07:32,224.54500000000002
2016-04-28 05:07:46,224.445
2016-04-28 23:00:00,223.57
2016-04-29 02:38:51,222.195
2016-04-29 03:39:08,222.04500000000002
2016-04-29 04:39:22,222.195
2016-04-29 23:00:00,222.47
2016-05-02 02:01:46,221.595
2016-05-02 03:02:03,221.145
2016-05-02 04:02:19,220.895
2016-05-02 05:02:33,220.945
2016-05-02 23:00:00,221.37
2016-05-03 02:18:53,221.595
2016-05-03 03:19:34,221.395
2016-05-03 04:20:40,221.695
2016-05-03 05:20:55,221.745
2016-05-03 23:00:00,221.57
2016-05-04 02:27:29,220.245
2016-05-04 03:29:17,220.04500000000002
2016-05-04 04:30:18,220.095
2016-05-04 05:30:29,219.995
2016-05-04 23:00:00,220.47
2016-05-09 02:17:21,219.695
2016-05-09 03:18:04,219.345
2016-05-09 04:19:07,219.395
2016-05-09 05:19:24,219.595
2016-05-09 23:00:00,219.67000000000002
2016-05-10 02:23:50,219.945
2016-05-10 03:24:37,220.395
2016-05-10 04:25:39,220.04500000000002
2016-05-10 05:25:53,220.29500000000002
2016-05-10 23:00:00,220.92000000000002
2016-05-11 02:25:08,219.895
2016-05-11 03:25:41,219.245
2016-05-11 04:26:36,219.745
2016-05-11 05:26:50,219.595
2016-05-11 23:00:00,219.92000000000002
2016-05-12 02:23:52,220.29500000000002
2016-05-12 03:24:09,219.595
2016-05-12 04:24:24,220.04500000000002
2016-05-12 05:24:38,219.645
2016-05-12 23:00:00,220.02
2016-05-13 02:23:07,217.945
2016-05-13 03:23:24,217.79500000000002
2016-05-13 04:23:40,217.79500000000002
2016-05-13 05:23:54,217.695
2016-05-13 23:00:00,217.52
2016-05-16 02:21:19,217.995
2016-05-16 03:21:56,218.29500000000002
2016-05-16 04:22:31,218.695
2016-05-16 05:22:45,218.445
2016-05-16 23:00:00,218.32
2016-05-17 02:20:57,218.195
2016-05-17 03:21:39,218.04500000000002
2016-05-17 04:22:31,218.04500000000002
2016-05-17 05:22:45,218.245
2016-05-17 23:00:00,218.27
2016-05-18 02:31:34,215.745
2016-05-18 03:33:44,216.79500000000002
2016-05-18 04:33:58,216.695
2016-05-18 23:00:00,216.42000000000002
2016-05-19 02:23:51,216.145
2016-05-19 03:24:10,216.145
2016-05-19 04:24:27,216.29500000000002
2016-05-19 05:24:41,216.245
2016-05-19 23:00:00,216.12
2016-05-20 02:23:40,216.29500000000002
2016-05-20 03:23:57,216.495
2016-05-20 04:24:12,216.445
2016-05-20 05:24:26,216.445
2016-05-20 23:00:00,216.27
2016-05-23 01:59:29,216.04500000000002
2016-05-23 02:59:51,216.745
2016-05-23 04:00:24,216.645
2016-05-23 05:00:41,216.845
2016-05-23 23:00:00,216.87
2016-05-24 02:01:03,216.095
2016-05-24 03:01:24,215.895
2016-05-24 04:02:05,215.645
2016-05-24 05:02:21,215.695
2016-05-24 23:00:00,215.22
2016-05-25 02:13:25,217.695
2016-05-25 03:13:43,218.04500000000002
2016-05-25 04:13:58,218.245
2016-05-25 05:14:13,218.495
2016-05-25 23:00:00,218.42000000000002
2016-05-26 02:07:44,218.845
2016-05-26 03:08:26,218.195
2016-05-26 04:09:11,218.195
2016-05-26 05:09:22,217.995
2016-05-26 23:00:00,218.32
2016-05-27 02:23:28,219.395
2016-05-27 03:23:50,218.29500000000002
2016-05-27 04:24:06,218.395
2016-05-27 05:24:20,218.695
2016-05-27 23:00:00,219.27
2016-05-30 02:25:03,217.845
2016-05-30 03:26:03,218.995
2016-05-30 04:27:04,219.245
2016-05-30 05:27:18,218.895
2016-05-30 23:00:00,218.87
2016-05-31 02:26:28,218.995
2016-05-31 03:27:49,219.995
2016-05-31 04:28:14,220.395
2016-05-31 05:28:29,220.445
2016-05-31 23:00:00,220.47
2016-06-01 02:38:12,220.595
2016-06-01 03:39:50,220.895
2016-06-01 04:40:05,220.745
2016-06-01 23:00:00,220.82
2016-06-02 02:41:43,221.04500000000002
2016-06-02 03:43:55,220.945
2016-06-02 04:44:10,221.145
2016-06-02 23:00:00,221.32
2016-06-03 02:26:40,221.345
2016-06-03 03:27:10,221.345
2016-06-03 04:27:25,221.495
2016-06-03 05:27:39,221.495
2016-06-03 23:00:00,221.72
2016-06-07 02:25:35,221.72
2016-06-07 03:26:22,221.72
2016-06-07 04:26:49,221.72
2016-06-07 05:27:02,221.72
2016-06-07 23:00:00,225.02
2016-06-08 02:31:42,225.02
2016-06-08 03:34:07,225.02
2016-06-08 04:34:33,225.02
2016-06-08 23:00:00,226.97
2016-06-09 02:26:46,228.095
2016-06-09 03:27:21,228.39499999999998
2016-06-09 04:27:39,226.995
2016-06-09 05:27:53,226.845
2016-06-09 23:00:00,227.47
2016-06-10 03:13:37,226.695
2016-06-10 04:14:19,226.495
2016-06-10 05:14:38,226.495
2016-06-10 23:00:00,226.37
2016-06-13 02:40:47,222.14499999999998
2016-06-13 03:42:14,222.345
2016-06-13 04:42:34,222.195
2016-06-13 23:00:00,220.82
2016-06-14 02:16:05,220.545
2016-06-14 03:16:41,220.245
2016-06-14 04:17:06,220.095
2016-06-14 05:17:25,220.045
2016-06-14 23:00:00,220.12
2016-06-15 02:56:36,219.795
2016-06-15 03:58:46,220.39499999999998
2016-06-15 04:59:01,220.445
2016-06-15 23:00:00,220.22
2016-06-16 03:09:53,218.945
2016-06-16 04:11:20,218.345
2016-06-16 05:11:39,218.495
2016-06-16 23:00:00,218.12
2016-06-17 03:09:09,219.39499999999998
2016-06-17 04:10:43,219.295
2016-06-17 05:11:01,218.64499999999998
2016-06-17 23:00:00,218.82
2016-06-20 02:37:00,221.445
2016-06-20 03:37:40,221.39499999999998
2016-06-20 04:37:59,221.345
2016-06-20 23:00:00,221.76999999999998
2016-06-21 02:12:56,220.945
2016-06-21 03:13:40,221.745
2016-06-21 04:14:02,221.445
2016-06-21 05:14:20,221.545
2016-06-21 23:00:00,221.82
2016-06-22 02:26:26,223.695
2016-06-22 03:26:47,222.595
2016-06-22 04:27:05,223.39499999999998
2016-06-22 05:27:21,223.495
2016-06-22 23:00:00,223.47
2016-06-23 02:39:55,223.045
2016-06-23 03:40:37,222.995
2016-06-23 04:40:57,222.795
2016-06-23 23:00:00,223.26999999999998
2016-06-24 02:40:40,223.345
2016-06-24 03:41:27,220.045
2016-06-24 04:41:47,214.245
2016-06-24 23:00:00,215.01999999999998
2016-06-27 02:11:18,214.695
2016-06-27 03:12:56,215.295
2016-06-27 04:14:02,215.295
2016-06-27 05:14:33,215.595
2016-06-27 23:00:00,215.87
2016-06-28 02:40:15,215.795
2016-06-28 03:41:39,215.945
2016-06-28 04:42:12,216.64499999999998
2016-06-28 23:00:00,216.67
2016-06-29 02:55:09,219.345
2016-06-29 03:57:43,219.845
2016-06-29 04:58:00,220.095
2016-06-29 23:00:00,218.97
2016-06-30 02:39:11,219.245
2016-06-30 03:39:37,220.14499999999998
2016-06-30 04:39:57,220.495
2016-06-30 23:00:00,220.32
2016-07-01 02:54:36,223.095
2016-07-01 03:56:53,223.195
2016-07-01 04:57:10,223.64499999999998
2016-07-01 23:00:00,223.01999999999998
2016-07-04 02:37:18,223.345
2016-07-04 03:38:16,223.995
2016-07-04 04:38:57,224.14499999999998
2016-07-04 23:00:00,224.12
2016-07-05 02:41:36,223.045
2016-07-05 03:43:55,223.295
2016-07-05 04:44:17,223.195
2016-07-05 23:00:00,223.47
2016-07-06 02:27:53,219.695
2016-07-06 03:28:14,218.045
2016-07-06 04:28:33,217.945
2016-07-06 05:28:50,217.795
2016-07-06 23:00:00,218.22
2016-07-07 03:04:53,221.295
2016-07-07 04:06:54,221.14499999999998
2016-07-07 05:07:13,221.245
2016-07-07 23:00:00,221.07
2016-07-08 03:03:20,220.39499999999998
2016-07-08 04:05:28,219.695
2016-07-08 05:05:48,219.64499999999998
2016-07-08 23:00:00,220.22
2016-07-11 02:13:10,223.745
2016-07-11 03:13:51,223.545
2016-07-11 04:14:14,223.845
2016-07-11 05:14:35,223.845
2016-07-11 23:00:00,223.37
2016-07-12 02:43:00,224.795
2016-07-12 03:44:22,223.695
2016-07-12 04:44:43,223.795
2016-07-12 23:00:00,223.62
2016-07-13 02:53:43,225.995
2016-07-13 03:56:15,224.795
2016-07-13 04:56:32,225.14499999999998
2016-07-13 23:00:00,225.42
2016-07-14 02:41:51,225.595
2016-07-14 03:42:34,225.695
2016-07-14 04:42:55,225.995
2016-07-14 23:00:00,226.07
2016-07-15 03:06:06,227.495
2016-07-15 04:07:57,228.095
2016-07-15 05:08:18,227.845
2016-07-15 23:00:00,227.32
2016-07-18 02:43:47,227.995
2016-07-18 03:45:00,227.64499999999998
2016-07-18 04:45:22,227.695
2016-07-18 23:00:00,227.72
2016-07-19 02:41:14,227.095
2016-07-19 03:42:23,226.89499999999998
2016-07-19 04:42:43,226.795
2016-07-19 23:00:00,227.07
2016-07-20 02:31:57,226.195
2016-07-20 03:32:22,226.745
2016-07-20 04:32:43,226.795
2016-07-20 23:00:00,226.97
2016-07-21 03:08:15,227.495
2016-07-21 04:09:54,227.045
2016-07-21 05:10:14,227.095
2016-07-21 23:00:00,226.97
2016-07-22 03:09:59,227.045
2016-07-22 04:11:57,227.045
2016-07-22 05:12:16,226.795
2016-07-22 23:00:00,226.82
2016-07-25 02:15:44,227.795
2016-07-25 03:16:23,226.495
2016-07-25 04:16:45,226.695
2016-07-25 05:17:04,226.64499999999998
2016-07-25 23:00:00,226.92
2016-07-26 02:15:24,226.945
2016-07-26 03:16:05,227.64499999999998
2016-07-26 04:16:28,228.545
2016-07-26 05:16:48,228.89499999999998
2016-07-26 23:00:00,229.37
2016-07-27 02:58:35,229.545
2016-07-27 04:01:02,229.445
2016-07-27 05:01:20,229.245
2016-07-27 23:00:00,229.42
2016-07-28 02:43:34,227.945
2016-07-28 03:44:16,228.14499999999998
2016-07-28 04:44:37,228.045
2016-07-28 23:00:00,228.07
2016-07-29 23:00:00,228.47
2016-08-01 23:00:00,230.37
2016-08-02 23:00:00,228.26999999999998
2016-08-03 23:00:00,225.07
2016-08-04 23:00:00,225.67
2016-08-05 23:00:00,228.76999999999998
2016-08-08 23:00:00,230.26999999999998
2016-08-09 04:01:10,231.195
2016-08-09 23:00:00,232.07
2016-08-10 03:53:11,232.19500000000002
2016-08-10 23:00:00,231.26999999999998
2016-08-11 23:00:00,232.11999999999998
2016-08-12 04:59:51,232.69500000000002
2016-08-12 23:00:00,232.32000000000002
2016-08-16 01:01:08,233.49499999999998
2016-08-16 02:08:49,233.99499999999992
2016-08-16 03:26:53,233.04500000000004
2016-08-16 04:39:35,233.095
2016-08-16 23:00:00,232.61999999999998
2016-08-17 23:00:00,231.87
2016-08-18 23:00:00,231.87
2016-08-19 23:00:00,231.87
2016-08-22 23:00:00,231.87
2016-08-23 23:00:00,231.87
2016-08-24 23:00:00,231.87
2016-08-25 23:00:00,231.87
2016-08-26 23:00:00,231.87
2016-08-29 23:00:00,231.87
2016-08-30 23:00:00,231.87
2016-08-31 23:00:00,231.87
2016-09-01 23:00:00,231.87
2016-09-02 23:00:00,231.87
2016-09-05 23:00:00,231.87
2016-09-06 02:11:07,236.39500000000004
2016-09-06 03:12:29,236.39500000000004
2016-09-06 04:16:56,236.54500000000002
2016-09-06 05:19:14,236.89500000000004
2016-09-06 23:00:00,236.89500000000004
2016-09-07 02:39:25,237.945
2016-09-07 03:44:39,238.445
2016-09-07 04:53:58,238.09499999999997
2016-09-07 23:00:00,238.09499999999997
2016-09-08 03:25:06,236.04500000000002
2016-09-08 04:32:32,236.195
2016-09-08 23:00:00,236.195
2016-09-09 02:40:08,233.74499999999992
2016-09-09 03:45:35,233.19500000000002
2016-09-09 04:56:55,233.095
2016-09-09 23:00:00,233.095
2016-09-12 02:14:37,228.995
2016-09-12 03:17:21,227.845
2016-09-12 04:27:40,227.995
2016-09-12 23:00:00,227.995
2016-09-13 02:00:37,228.89499999999998
2016-09-13 03:01:11,228.245
2016-09-13 04:07:16,228.095
2016-09-13 05:12:15,228.14499999999998
2016-09-13 23:00:00,228.14499999999998
2016-09-19 02:25:39,228.845
2016-09-19 03:31:38,229.095
2016-09-19 04:34:58,229.045
2016-09-19 23:00:00,229.045
2016-09-20 02:57:21,229.39499999999998
2016-09-20 04:08:22,229.545
2016-09-20 05:13:48,229.695
2016-09-20 23:00:00,229.695
2016-09-21 03:11:20,230.845
2016-09-21 04:19:57,230.345
2016-09-21 05:24:51,230.795
2016-09-21 23:00:00,230.795
2016-09-22 03:28:53,235.045
2016-09-22 04:38:58,235.24499999999992
2016-09-22 23:00:00,235.24499999999992
2016-09-23 02:42:29,234.045
2016-09-23 03:53:08,234.145
2016-09-23 04:56:41,234.19499999999996
2016-09-23 23:00:00,234.19499999999996
2016-09-26 02:49:50,233.795
2016-09-26 04:01:33,233.595
2016-09-26 05:12:26,233.54500000000004
2016-09-26 23:00:00,233.54500000000004
2016-09-27 02:17:13,231.945
2016-09-27 03:18:54,234.145
2016-09-27 04:28:55,234.59499999999994
2016-09-27 23:00:00,234.59499999999994
2016-09-28 02:26:33,234.59499999999994
2016-09-28 03:30:22,234.295
2016-09-28 04:39:43,234.59499999999994
2016-09-28 23:00:00,234.59499999999994
2016-09-29 03:14:34,236.54500000000002
2016-09-29 04:25:24,236.695
2016-09-29 23:00:00,236.695
2016-09-30 02:46:43,234.145
2016-09-30 03:57:31,234.44499999999996
2016-09-30 05:08:48,234.19499999999996
2016-09-30 23:00:00,234.19499999999996
2016-10-04 02:50:21,235.24499999999992
2016-10-04 04:02:15,234.84499999999994
2016-10-04 05:10:53,234.94499999999996
2016-10-04 23:00:00,234.94499999999996
2016-10-05 03:15:31,234.74499999999992
2016-10-05 04:25:24,235.09499999999994
2016-10-05 23:00:00,235.09499999999994
2016-10-06 02:27:40,235.84499999999997
2016-10-06 03:30:12,235.44499999999996
2016-10-06 04:40:25,235.99499999999995
2016-10-06 23:00:00,235.99499999999995
2016-10-07 02:45:04,236.29500000000002
2016-10-07 03:52:05,236.24499999999995
2016-10-07 05:02:04,235.84499999999997
2016-10-07 23:00:00,235.84499999999997
2016-10-10 03:00:47,236.04500000000002
2016-10-10 04:15:21,235.74499999999992
2016-10-10 05:24:41,235.34499999999994
2016-10-10 23:00:00,235.34499999999994
2016-10-11 02:21:14,235.69499999999996
2016-10-11 03:25:07,233.595
2016-10-11 04:39:03,232.49499999999998
2016-10-11 23:00:00,232.49499999999998
2016-10-12 03:07:33,232.04500000000002
2016-10-12 04:17:55,231.54500000000002
2016-10-12 05:26:35,231.39500000000004
2016-10-12 23:00:00,231.39500000000004
2016-10-13 03:19:53,230.14499999999998
2016-10-13 04:30:03,230.695
2016-10-13 05:31:00,230.64499999999998
2016-10-13 23:00:00,230.64499999999998
2016-10-14 03:25:22,231.445
2016-10-14 04:37:19,231.195
2016-10-14 23:00:00,231.195
2016-10-17 02:57:32,229.745
2016-10-17 04:10:03,231.445
2016-10-17 05:12:49,232.19500000000002
2016-10-17 23:00:00,232.19500000000002
2016-10-18 02:15:48,232.595
2016-10-18 03:18:05,232.845
2016-10-18 04:28:49,232.74499999999998
2016-10-18 23:00:00,233.42000000000004
2016-10-19 03:10:53,234.09499999999994
2016-10-19 04:23:07,234.645
2016-10-19 05:29:45,234.44499999999996
2016-10-19 23:00:00,234.44499999999996
2016-10-20 02:36:57,234.295
2016-10-20 03:45:29,234.045
2016-10-20 04:57:42,234.19499999999996
2016-10-20 23:00:00,234.19499999999996
2016-10-21 03:11:52,233.095
2016-10-21 04:25:36,232.845
2016-10-21 23:00:00,232.845
2016-10-24 02:15:45,234.49499999999992
2016-10-24 03:17:48,233.99499999999992
2016-10-24 04:29:18,234.84499999999994
2016-10-24 23:00:00,234.84499999999994
2016-10-25 03:02:34,233.94499999999996
2016-10-25 04:12:07,234.145
2016-10-25 05:22:51,234.44499999999996
2016-10-25 23:00:00,234.44499999999996
2016-10-26 03:21:44,230.595
2016-10-26 04:34:56,230.545
2016-10-26 23:00:00,230.545
2016-10-27 02:38:58,231.99499999999995
2016-10-27 03:46:45,231.84499999999997
2016-10-27 04:58:56,231.84499999999997
2016-10-27 23:00:00,231.84499999999997
2016-10-28 02:41:08,231.74499999999995
2016-10-28 03:49:37,232.04500000000002
2016-10-28 04:57:17,231.945
2016-10-28 23:00:00,231.945
2016-10-31 02:34:17,231.89500000000004
2016-10-31 03:40:53,232.04500000000002
2016-10-31 04:53:25,231.79500000000002
2016-10-31 23:00:00,231.82
2016-11-01 03:04:21,231.54500000000002
2016-11-01 04:17:46,231.54500000000002
2016-11-01 05:27:48,230.995
2016-11-01 23:00:00,231.82
2016-11-02 03:20:48,228.545
2016-11-02 04:34:36,228.39499999999998
2016-11-02 23:00:00,228.47
2016-11-03 01:01:10,228.64499999999998
2016-11-03 03:41:48,227.695
2016-11-03 04:54:50,228.795
2016-11-03 23:00:00,229.01999999999998
2016-11-04 01:01:08,227.995
2016-11-04 03:43:35,228.195
2016-11-04 04:55:36,228.14499999999998
2016-11-04 23:00:00,228.37
2016-11-07 02:15:10,230.39499999999998
2016-11-07 03:16:39,230.39499999999998
2016-11-07 04:30:11,230.345
2016-11-07 23:00:00,230.47
2016-11-08 03:00:25,230.245
2016-11-08 04:14:41,230.695
2016-11-08 05:29:31,230.995
2016-11-08 23:00:00,231.32
2016-11-09 01:01:09,231.695
2016-11-09 03:28:34,224.695
2016-11-09 04:37:49,224.695
2016-11-09 23:00:00,225.22
2016-11-10 01:01:10,229.795
2016-11-10 03:36:00,229.795
2016-11-10 04:40:14,230.045
2016-11-10 23:00:00,230.62
2016-11-11 03:18:26,227.995
2016-11-11 04:39:21,228.295
2016-11-11 23:00:00,228.01999999999998
2016-11-14 23:00:00,226.07
2016-11-15 23:00:00,224.87
2016-11-16 23:00:00,225.76999999999998
2016-11-17 23:00:00,225.57
2016-11-18 01:01:05,225.045
2016-11-18 02:01:19,225.295
2016-11-18 03:01:36,225.445
2016-11-18 04:01:54,225.89499999999998
2016-11-18 05:02:10,225.595
2016-11-18 23:00:00,225.72
2016-11-21 23:00:00,225.12
2016-11-22 01:45:37,227.39499999999998
2016-11-22 02:50:13,228.095
2016-11-22 03:52:06,227.89499999999998
2016-11-22 04:52:21,227.995
2016-11-22 23:00:00,227.87
2016-11-23 01:01:07,228.39499999999998
2016-11-23 02:01:19,229.045
2016-11-23 03:01:35,229.64499999999998
2016-11-23 04:02:15,229.89499999999998
2016-11-23 05:02:31,229.545
2016-11-23 23:00:00,228.87
2016-11-24 01:44:45,227.045
2016-11-24 02:45:24,228.295
2016-11-24 03:45:42,227.945
2016-11-24 04:45:56,227.795
2016-11-24 23:00:00,227.76999999999998
2016-11-25 02:01:37,228.045
2016-11-25 03:07:16,227.545
2016-11-25 04:08:28,227.495
2016-11-25 05:08:45,227.64499999999998
2016-11-25 23:00:00,227.51999999999998
2016-11-28 02:13:15,228.14499999999998
2016-11-28 03:16:07,228.64499999999998
2016-11-28 04:17:29,228.445
2016-11-28 05:17:45,228.64499999999998
2016-11-28 23:00:00,228.47
2016-11-29 01:01:06,228.295
2016-11-29 02:13:12,228.545
2016-11-29 03:16:25,228.245
2016-11-29 04:18:16,228.245
2016-11-29 05:18:30,228.095
2016-11-29 23:00:00,228.095
2016-11-30 01:01:07,229.595
2016-11-30 02:22:43,230.14499999999998
2016-11-30 03:24:34,229.795
2016-11-30 04:25:59,229.095
2016-11-30 05:26:15,229.495
2016-11-30 23:00:00,229.47
2016-12-01 02:26:19,230.245
2016-12-01 03:26:43,230.095
2016-12-01 04:27:33,230.14499999999998
2016-12-01 05:27:48,230.095
2016-12-01 23:00:00,229.62
2016-12-02 01:01:06,228.095
2016-12-02 02:31:12,227.89499999999998
2016-12-02 03:32:01,227.745
2016-12-02 04:32:43,227.64499999999998
2016-12-02 23:00:00,227.97
2016-12-05 01:51:08,228.045
2016-12-05 02:51:54,227.845
2016-12-05 03:52:11,227.64499999999998
2016-12-05 04:52:25,227.795
2016-12-05 23:00:00,228.01999999999998
2016-12-06 02:05:04,228.01999999999998
2016-12-06 03:09:56,228.01999999999998
2016-12-06 04:11:18,228.01999999999998
2016-12-06 05:11:35,228.01999999999998
2016-12-06 23:00:00,230.72
2016-12-07 02:14:58,230.72
2016-12-07 03:17:25,230.72
2016-12-07 04:19:11,230.72
2016-12-07 05:19:28,230.72
2016-12-07 23:00:00,231.51999999999998
2016-12-08 02:21:03,234.84499999999994
2016-12-08 03:22:19,235.045
2016-12-08 04:24:06,235.395
2016-12-08 05:24:21,235.545
2016-12-08 23:00:00,235.67
2016-12-09 02:18:50,235.84499999999997
2016-12-09 03:20:43,235.99500000000006
2016-12-09 04:22:23,235.945
2016-12-09 05:22:39,236.14500000000004
2016-12-09 23:00:00,236.36999999999995
2016-12-12 01:01:06,235.99500000000006
2016-12-12 02:16:24,235.545
2016-12-12 03:19:34,235.34499999999994
2016-12-12 04:20:45,235.69499999999996
2016-12-12 05:21:00,235.99500000000006
2016-12-12 23:00:00,235.47
2016-12-13 02:13:24,236.14500000000004
2016-12-13 03:16:18,236.14500000000004
2016-12-13 04:17:47,236.09499999999997
2016-12-13 05:18:03,236.195
2016-12-13 23:00:00,236.17000000000002
2016-12-14 02:01:44,236.84499999999997
2016-12-14 03:02:20,236.74500000000006
2016-12-14 04:02:39,236.79500000000002
2016-12-14 05:02:55,236.99500000000006
2016-12-14 23:00:00,236.67000000000002
2016-12-15 02:00:23,235.89500000000004
2016-12-15 03:01:16,236.09499999999997
2016-12-15 04:01:35,236.54500000000002
2016-12-15 05:01:52,236.945
2016-12-15 23:00:00,236.52000000000004
2016-12-16 02:10:51,236.84499999999997
2016-12-16 03:11:15,237.14500000000004
2016-12-16 04:11:34,237.14500000000004
2016-12-16 05:11:53,236.89500000000004
2016-12-16 23:00:00,236.67000000000002
2016-12-19 01:01:05,236.74500000000006
2016-12-19 02:12:12,237.39500000000004
2016-12-19 03:15:53,236.89500000000004
2016-12-19 04:17:30,236.99500000000006
2016-12-19 05:17:44,237.195
2016-12-19 23:00:00,237.17000000000002
2016-12-20 01:53:08,237.49500000000006
2016-12-20 02:53:55,237.59499999999997
2016-12-20 03:54:12,237.59499999999997
2016-12-20 04:54:27,237.74500000000006
2016-12-20 23:00:00,237.52000000000004
2016-12-21 02:01:11,238.04500000000002
2016-12-21 03:01:57,238.39500000000004
2016-12-21 04:02:16,238.195
2016-12-21 05:02:33,237.945
2016-12-21 23:00:00,237.36999999999995
2016-12-22 01:01:05,237.64500000000004
2016-12-22 02:30:09,237.29500000000002
2016-12-22 03:30:42,237.24500000000006
2016-12-22 04:32:21,237.09499999999997
2016-12-22 23:00:00,237.27000000000004
2016-12-23 02:32:17,237.09499999999997
2016-12-23 03:32:41,236.89500000000004
2016-12-23 04:33:50,236.84499999999997
2016-12-23 23:00:00,236.77000000000004
2016-12-26 01:48:29,237.04500000000002
2016-12-26 02:49:12,237.04500000000002
2016-12-26 03:51:09,237.04500000000002
2016-12-26 04:53:07,237.04500000000002
2016-12-26 23:00:00,237.07
2016-12-27 01:01:06,237.39500000000004
2016-12-27 02:02:22,237.39500000000004
2016-12-27 03:08:57,237.59499999999997
2016-12-27 04:11:20,237.54500000000002
2016-12-27 05:11:40,237.445
2016-12-27 23:00:00,237.67000000000002
2016-12-28 01:54:25,238.445
2016-12-28 02:55:12,238.64500000000004
2016-12-28 03:55:33,238.74500000000006
2016-12-28 04:55:48,238.74500000000006
2016-12-28 23:00:00,238.57
2016-12-29 02:03:44,237.945
2016-12-29 03:04:11,238.14500000000004
2016-12-29 04:04:31,238.24500000000006
2016-12-29 05:04:48,238.39500000000004
2016-12-29 23:00:00,238.21999999999997
2017-01-03 01:57:56,239.74500000000006
2017-01-03 23:00:00,241.36999999999995
2017-01-04 02:01:43,241.445
2017-01-04 03:05:13,241.59499999999997
2017-01-04 04:05:43,241.39500000000004
2017-01-04 05:06:01,241.59499999999997
2017-01-04 23:00:00,241.57
2017-01-05 01:01:09,241.195
2017-01-05 03:21:46,241.04500000000002
2017-01-05 04:39:08,241.14500000000004
2017-01-05 23:00:00,240.82
2017-01-06 03:38:12,242.09499999999997
2017-01-06 04:53:55,241.89500000000004
2017-01-06 23:00:00,241.82
2017-01-09 02:10:45,242.24500000000006
2017-01-09 03:13:08,242.24500000000006
2017-01-09 04:24:49,242.64500000000004
2017-01-09 05:28:00,242.59499999999997
2017-01-09 23:00:00,242.21999999999997
2017-01-10 01:01:08,241.89500000000004
2017-01-10 02:52:21,242.14500000000004
2017-01-10 04:11:04,242.04500000000002
2017-01-10 05:25:24,242.195
2017-01-10 23:00:00,242.17000000000002
2017-01-11 02:19:50,245.54500000000002
2017-01-11 03:22:22,247.04500000000002
2017-01-11 04:31:12,247.04500000000002
2017-01-11 23:00:00,247.21999999999997
2017-01-12 03:22:56,247.49500000000006
2017-01-12 04:38:25,246.99500000000006
2017-01-12 23:00:00,247.27000000000004
2017-01-13 02:28:35,247.24500000000006
2017-01-13 03:35:34,246.99500000000006
2017-01-13 04:49:22,246.79500000000002
2017-01-13 23:00:00,246.82
2017-01-16 01:01:08,246.39500000000004
2017-01-16 03:12:00,245.79500000000002
2017-01-16 04:26:00,245.59499999999997
2017-01-16 23:00:00,245.57
2017-01-17 02:41:21,247.24500000000006
2017-01-17 03:43:56,246.99500000000006
2017-01-17 04:44:10,246.79500000000002
2017-01-17 23:00:00,246.57
2017-01-18 02:39:52,246.39500000000004
2017-01-18 03:40:14,246.04500000000002
2017-01-18 04:40:30,246.14500000000004
2017-01-18 23:00:00,246.11999999999995
2017-01-19 02:57:45,245.695
2017-01-19 03:58:03,245.59499999999997
2017-01-19 04:58:16,246.14500000000004
2017-01-19 23:00:00,246.32
2017-01-20 01:01:06,245.945
2017-01-20 03:22:17,245.79500000000002
2017-01-20 04:23:21,245.74500000000006
2017-01-20 05:23:34,245.89500000000004
2017-01-20 23:00:00,245.71999999999997
2017-01-23 01:01:06,245.84499999999997
2017-01-23 02:53:36,245.49500000000006
2017-01-23 03:54:31,245.29500000000002
2017-01-23 04:54:47,245.445
2017-01-23 23:00:00,245.32
2017-01-24 02:56:59,245.39500000000004
2017-01-24 03:57:37,245.54500000000002
2017-01-24 04:57:51,245.59499999999997
2017-01-24 23:00:00,246.17000000000002
2017-01-25 03:18:27,246.39500000000004
2017-01-25 04:19:26,246.54500000000002
2017-01-25 05:19:38,246.39500000000004
2017-01-25 23:00:00,246.42000000000002
2017-01-26 01:01:06,248.64500000000004
2017-01-26 03:35:27,249.34499999999997
2017-01-26 04:36:55,249.49500000000006
2017-01-26 23:00:00,249.17000000000002
2017-01-31 01:01:08,247.99500000000006
2017-01-31 03:00:02,247.59499999999997
2017-01-31 04:01:05,247.445
2017-01-31 05:01:20,247.59499999999997
2017-01-31 23:00:00,247.36999999999995
2017-02-01 01:01:05,247.945
2017-02-01 03:17:30,248.09499999999997
2017-02-01 04:18:33,248.09499999999997
2017-02-01 05:18:45,248.09499999999997
2017-02-01 23:00:00,248.36999999999995
2017-02-02 03:42:19,248.54500000000002
2017-02-02 04:42:35,248.21999999999997
2017-02-02 23:00:00,247.36999999999995
2017-02-03 01:01:08,247.39500000000004
2017-02-03 03:40:07,247.34499999999997
2017-02-03 04:40:24,246.84499999999997
2017-02-03 23:00:00,247.96999999999997
2017-02-06 01:01:07,247.49500000000006
2017-02-06 02:10:12,247.89500000000004
2017-02-06 03:15:41,248.195
2017-02-06 04:16:47,247.945
2017-02-06 05:17:04,247.89500000000004
2017-02-06 23:00:00,248.21999999999997
2017-02-07 02:07:34,247.74500000000006
2017-02-07 03:12:23,247.49500000000006
2017-02-07 04:13:25,247.59499999999997
2017-02-07 05:13:42,247.49500000000006
2017-02-07 23:00:00,247.52000000000004
2017-02-08 01:01:06,244.99500000000006
2017-02-08 02:12:42,244.64500000000004
2017-02-08 03:18:02,245.84499999999997
2017-02-08 04:19:34,245.99500000000006
2017-02-08 05:19:53,245.74500000000006
2017-02-08 23:00:00,246.42000000000002
2017-02-09 02:17:35,246.64500000000004
2017-02-09 03:19:04,246.54500000000002
2017-02-09 04:21:34,246.89500000000004
2017-02-09 05:21:51,246.99500000000006
2017-02-09 23:00:00,246.67000000000002
2017-02-10 02:20:45,247.59499999999997
2017-02-10 03:22:21,247.74500000000006
2017-02-10 04:23:56,247.445
2017-02-10 05:24:12,247.49500000000006
2017-02-10 23:00:00,246.92000000000002
2017-02-13 02:14:33,247.09499999999997
2017-02-13 03:18:12,247.04500000000002
2017-02-13 04:20:00,246.89500000000004
2017-02-13 05:20:19,247.09499999999997
2017-02-13 23:00:00,247.02000000000004
2017-02-14 02:16:38,246.84499999999997
2017-02-14 03:19:49,246.695
2017-02-14 04:21:29,245.74500000000006
2017-02-14 05:21:44,246.29500000000002
2017-02-14 23:00:00,246.17000000000002
2017-02-15 02:23:14,247.445
2017-02-15 03:24:56,247.39500000000004
2017-02-15 04:25:43,247.195
2017-02-15 05:25:59,247.59499999999997
2017-02-15 23:00:00,247.07
2017-02-16 01:01:08,247.04500000000002
2017-02-16 02:34:18,247.04500000000002
2017-02-16 03:35:24,247.14500000000004
2017-02-16 04:35:47,246.945
2017-02-16 23:00:00,246.92000000000002
2017-02-17 02:15:36,246.89500000000004
2017-02-17 03:16:04,246.89500000000004
2017-02-17 04:16:24,246.84499999999997
2017-02-17 05:16:42,246.89500000000004
2017-02-17 23:00:00,247.17000000000002
2017-02-20 01:49:28,247.04500000000002
2017-02-20 02:50:23,247.29500000000002
2017-02-20 03:50:52,247.445
2017-02-20 04:51:12,247.445
2017-02-20 23:00:00,247.92000000000002
2017-02-21 01:46:20,250.445
2017-02-21 02:47:09,251.39500000000004
2017-02-21 03:47:40,251.34499999999997
2017-02-21 04:48:01,251.29500000000002
2017-02-21 23:00:00,250.42000000000002
2017-02-22 02:24:39,251.04500000000002
2017-02-22 03:26:17,250.945
2017-02-22 04:28:02,251.04500000000002
2017-02-22 05:28:21,251.04500000000002
2017-02-22 23:00:00,250.82
2017-02-23 02:16:11,250.945
2017-02-23 03:16:37,250.99500000000006
2017-02-23 04:17:03,251.09499999999997
2017-02-23 05:17:22,250.99500000000006
2017-02-23 23:00:00,251.17000000000002
2017-02-24 02:40:39,248.695
2017-02-24 03:41:47,248.84499999999997
2017-02-24 04:42:06,248.99500000000006
2017-02-24 23:00:00,248.71999999999997
2017-02-27 01:48:07,247.49500000000006
2017-02-27 02:48:58,248.14500000000004
2017-02-27 03:49:30,247.945
2017-02-27 04:49:50,248.09499999999997
2017-02-27 23:00:00,247.67000000000002
2017-02-28 01:48:20,248.64500000000004
2017-02-28 02:49:09,248.34499999999997
2017-02-28 03:49:41,248.59499999999997
2017-02-28 04:50:01,248.59499999999997
2017-02-28 23:00:00,247.92000000000002
2017-03-02 03:42:58,250.34499999999997
2017-03-02 05:00:34,250.64500000000004
2017-03-02 23:00:00,250.86999999999995
2017-03-03 01:01:07,248.84499999999997
2017-03-03 04:08:47,247.49500000000006
2017-03-03 05:28:34,247.59499999999997
2017-03-03 23:00:00,247.82
2017-03-06 23:00:00,248.42000000000002
2017-03-07 02:42:34,249.695
2017-03-07 03:43:02,249.89500000000004
2017-03-07 04:43:18,250.14500000000004
2017-03-07 23:00:00,249.82
2017-03-08 03:11:46,249.82
2017-03-08 04:12:32,249.82
2017-03-08 05:12:49,249.82
2017-03-08 23:00:00,250.36999999999995
2017-03-09 01:01:08,250.79500000000002
2017-03-09 03:45:56,250.04500000000002
2017-03-09 04:46:10,249.99500000000006
2017-03-09 23:00:00,249.32
2017-03-10 03:18:17,249.695
2017-03-10 04:18:35,250.39500000000004
2017-03-10 05:18:51,250.29500000000002
2017-03-10 23:00:00,250.21999999999997
2017-03-13 02:36:26,253.59499999999997
2017-03-13 03:37:01,253.84499999999997
2017-03-13 04:37:19,253.945
2017-03-13 23:00:00,253.42000000000002
2017-03-14 02:40:32,254.695
2017-03-14 03:41:24,255.445
2017-03-14 04:41:40,255.39500000000004
2017-03-14 23:00:00,255.67000000000002
2017-03-15 01:01:07,255.695
2017-03-15 03:27:23,255.79500000000002
2017-03-15 04:31:10,255.79500000000002
2017-03-15 23:00:00,256.27000000000004
2017-03-16 03:17:20,257.89500000000004
2017-03-16 04:18:00,257.84499999999997
2017-03-16 05:18:14,257.945
2017-03-16 23:00:00,257.96999999999997
2017-03-17 03:15:18,258.795
2017-03-17 04:15:48,259.14500000000004
2017-03-17 05:16:06,259.045
2017-03-17 23:00:00,259.11999999999995
2017-03-20 02:51:03,258.49500000000006
2017-03-20 03:52:30,258.445
2017-03-20 04:52:43,258.49500000000006
2017-03-20 23:00:00,259.17
2017-03-21 02:40:40,262.24500000000006
2017-03-21 03:40:55,261.84499999999986
2017-03-21 04:41:08,261.795
2017-03-21 23:00:00,261.71999999999997
2017-03-22 03:08:18,259.39500000000004
2017-03-22 04:08:43,259.89500000000004
2017-03-22 05:08:58,260.14500000000004
2017-03-22 23:00:00,260.21999999999997
2017-03-23 03:06:42,261.09499999999986
2017-03-23 04:07:01,261.24500000000006
2017-03-23 05:07:18,261.295
2017-03-23 23:00:00,260.86999999999995
2017-03-24 03:06:20,260.045
2017-03-24 04:06:39,260.545
2017-03-24 05:06:58,260.39500000000004
2017-03-24 23:00:00,260.52000000000004
2017-03-27 02:31:47,258.49500000000006
2017-03-27 03:32:05,259.24500000000006
2017-03-27 04:32:23,258.84499999999997
2017-03-27 23:00:00,258.42
2017-03-28 01:57:36,259.195
2017-03-28 02:57:46,259.14500000000004
2017-03-28 03:57:56,259.14500000000004
2017-03-28 04:58:04,259.045
2017-03-28 23:00:00,259.21999999999997
2017-03-29 02:42:10,259.24500000000006
2017-03-29 03:42:36,259.445
2017-03-29 04:42:54,259.49500000000006
2017-03-29 23:00:00,259.86999999999995
2017-03-30 02:53:15,259.59499999999986
2017-03-30 03:53:34,259.545
2017-03-30 04:53:48,259.295
2017-03-30 23:00:00,259.82
2017-03-31 01:01:07,260.045
2017-03-31 03:22:20,259.49500000000006
2017-03-31 04:23:35,259.64500000000004
2017-03-31 05:23:50,259.74500000000006
2017-03-31 23:00:00,259.36999999999995
2017-04-03 01:42:28,259.64500000000004
2017-04-03 02:43:16,259.695
2017-04-03 03:43:48,259.795
2017-04-03 04:44:07,259.545
2017-04-03 23:00:00,259.67
2017-04-04 01:45:14,259.24500000000006
2017-04-04 02:46:38,259.695
2017-04-04 03:47:27,259.64500000000004
2017-04-04 04:47:47,259.74500000000006
2017-04-04 23:00:00,259.11999999999995
2017-04-05 01:01:06,259.045
2017-04-05 02:15:16,259.14500000000004
2017-04-05 03:20:36,259.045
2017-04-05 04:21:52,258.09499999999997
2017-04-05 05:22:10,257.795
2017-04-05 23:00:00,258.61999999999995
2017-04-06 01:01:06,257.59499999999997
2017-04-06 02:20:41,257.24500000000006
2017-04-06 03:24:51,256.59499999999997
2017-04-06 04:26:25,256.74500000000006
2017-04-06 05:26:43,256.74500000000006
2017-04-06 23:00:00,257.67
2017-04-07 02:03:28,257.59499999999997
2017-04-07 03:04:04,256.09499999999997
2017-04-07 04:04:23,256.89500000000004
2017-04-07 05:04:40,256.99500000000006
2017-04-07 23:00:00,257.02000000000004
2017-04-10 01:34:39,255.695
2017-04-10 02:35:00,255.89500000000004
2017-04-10 03:35:13,255.04500000000002
2017-04-10 04:35:25,255.24500000000006
2017-04-10 23:00:00,255.42000000000002
2017-04-11 02:09:52,254.945
2017-04-11 03:12:22,253.79500000000002
2017-04-11 04:13:21,253.34499999999997
2017-04-11 05:13:40,253.29500000000002
2017-04-11 23:00:00,253.67000000000002
2017-04-12 01:01:06,254.11999999999995
2017-04-12 02:23:30,253.79500000000002
2017-04-12 03:27:04,253.99500000000006
2017-04-12 04:28:55,254.09499999999997
2017-04-12 05:29:14,254.14500000000004
2017-04-12 23:00:00,254.71999999999997
2017-04-13 02:10:27,254.49500000000006
2017-04-13 03:10:55,254.99500000000006
2017-04-13 04:11:15,254.945
2017-04-13 05:11:33,255.79500000000002
2017-04-13 23:00:00,256.92
2017-04-14 02:45:32,255.695
2017-04-14 03:51:10,255.695
2017-04-14 04:54:28,255.79500000000002
2017-04-14 23:00:00,255.46999999999997
2017-04-17 02:09:55,256.49500000000006
2017-04-17 03:15:46,255.945
2017-04-17 04:17:16,255.74500000000006
2017-04-17 05:17:34,256.09499999999997
2017-04-17 23:00:00,256.42
2017-04-18 02:09:01,255.99500000000006
2017-04-18 03:14:03,255.29500000000002
2017-04-18 04:16:04,255.54500000000002
2017-04-18 05:16:22,255.64500000000004
2017-04-18 23:00:00,256.11999999999995
2017-04-19 02:04:32,254.89500000000004
2017-04-19 03:08:42,254.445
2017-04-19 04:10:34,254.29500000000002
2017-04-19 05:10:53,254.34499999999997
2017-04-19 23:00:00,254.61999999999995
2017-04-20 01:01:06,254.04500000000002
2017-04-20 02:28:37,254.84499999999997
2017-04-20 03:31:28,255.14500000000004
2017-04-20 04:33:12,255.64500000000004
2017-04-20 23:00:00,256.02000000000004
2017-04-21 02:08:08,258.195
2017-04-21 03:08:46,258.74500000000006
2017-04-21 04:09:05,258.64500000000004
2017-04-21 05:09:27,258.49500000000006
2017-04-21 23:00:00,258.46999999999997
2017-04-24 02:10:07,259.59499999999986
2017-04-24 03:15:21,259.195
2017-04-24 04:17:21,259.195
2017-04-24 05:17:41,259.445
2017-04-24 23:00:00,259.61999999999995
2017-04-25 01:56:57,260.24500000000006
2017-04-25 02:57:49,260.695
2017-04-25 03:58:11,261.24500000000006
2017-04-25 04:58:27,261.24500000000006
2017-04-25 23:00:00,262.96999999999997
2017-04-26 02:23:20,264.195
2017-04-26 03:26:16,264.74500000000006
2017-04-26 04:27:30,264.295
2017-04-26 05:27:47,264.34499999999986
2017-04-26 23:00:00,264.34499999999986
2017-04-27 02:33:41,264.59499999999986
2017-04-27 03:35:22,264.445
2017-04-27 04:36:04,264.34499999999986
2017-04-27 23:00:00,265.11999999999995
2017-04-28 02:46:13,266.24500000000006
2017-04-28 03:47:19,265.64500000000004
2017-04-28 04:47:40,265.545
2017-04-28 23:00:00,265.57
2017-05-02 02:11:10,268.39500000000004
2017-05-02 03:16:17,268.64500000000004
2017-05-02 04:18:23,268.24500000000006
2017-05-02 05:18:42,268.195
2017-05-02 23:00:00,268.195
2017-05-04 02:42:43,269.045
2017-05-04 03:43:36,269.34499999999986
2017-05-04 04:44:06,269.445
2017-05-04 23:00:00,270.52000000000004
2017-05-08 01:02:27,271.045
2017-05-08 03:46:43,272.14500000000004
2017-05-08 05:07:41,271.89500000000004
2017-05-08 23:00:00,278.46999999999997
2017-05-10 03:44:41,275.89500000000004
2017-05-10 05:08:53,274.295
2017-05-10 23:00:00,274.21999999999997
2017-05-11 04:23:42,276.945
2017-05-11 23:00:00,277.86999999999995
2017-05-12 04:14:13,276.795
2017-05-12 05:30:49,276.64500000000004
2017-05-12 23:00:00,276.42
2017-05-15 03:13:19,276.545
2017-05-15 04:33:08,276.99500000000006
2017-05-15 23:00:00,277.42
2017-05-16 03:17:35,276.695
2017-05-16 04:38:48,277.695
2017-05-16 23:00:00,277.02000000000004
2017-05-17 03:43:23,276.795
2017-05-17 05:04:53,276.64500000000004
2017-05-17 23:00:00,277.27000000000004
2017-05-18 03:40:28,275.545
2017-05-18 05:03:17,275.545
2017-05-18 23:00:00,276.42
2017-05-19 03:38:38,275.89500000000004
2017-05-19 05:01:15,276.49500000000006
2017-05-19 23:00:00,276.02000000000004
2017-05-22 23:00:00,278.36999999999995
2017-05-23 23:00:00,278.82
2017-05-24 02:55:08,279.195
2017-05-24 03:55:32,279.84499999999986
2017-05-24 04:55:47,279.59499999999986
2017-05-24 23:00:00,279.67
2017-05-25 03:34:23,282.64500000000004
2017-05-25 04:34:50,282.295
2017-05-25 23:00:00,283.27000000000004
2017-05-26 03:44:37,284.21999999999997
2017-05-26 04:46:27,284.445
2017-05-26 23:00:00,284.445
2017-05-29 02:48:46,286.195
2017-05-29 03:49:21,286.34499999999986
2017-05-29 04:49:39,286.195
2017-05-29 23:00:00,284.57
2017-05-30 03:15:53,281.59499999999986
2017-05-30 04:17:01,282.295
2017-05-30 05:17:17,282.59499999999986
2017-05-30 23:00:00,282.11999999999995
2017-05-31 01:01:07,281.695
2017-05-31 03:41:10,283.49500000000006
2017-05-31 04:41:29,282.84499999999986
2017-05-31 23:00:00,282.84499999999986
2017-06-01 03:38:28,282.14500000000004
2017-06-01 04:38:46,282.045
2017-06-01 23:00:00,281.92
2017-06-02 03:46:30,284.695
2017-06-02 04:46:52,284.89500000000004
2017-06-02 23:00:00,284.89500000000004
2017-06-05 03:10:10,285.09499999999986
2017-06-05 04:10:37,286.09499999999986
2017-06-05 05:10:55,285.99500000000006
2017-06-05 23:00:00,285.36999999999995
2017-06-07 03:19:27,284.795
2017-06-07 04:19:49,284.39500000000004
2017-06-07 05:20:06,284.795
2017-06-07 23:00:00,283.17
2017-06-08 04:07:14,282.6950000000001
2017-06-08 05:07:36,282.74499999999995
2017-06-08 23:00:00,285.11999999999995
2017-06-09 04:04:35,287.5449999999999
2017-06-09 05:04:52,287.34499999999997
2017-06-09 23:00:00,287.0199999999999
2017-06-12 01:01:08,285.1950000000001
2017-06-12 03:18:09,284.49499999999995
2017-06-12 04:18:59,284.09499999999997
2017-06-12 05:19:15,283.8949999999999
2017-06-12 23:00:00,283.7699999999999
2017-06-13 01:01:07,283.99499999999995
2017-06-13 03:28:24,285.0449999999999
2017-06-13 04:30:08,285.49499999999995
2017-06-13 05:30:23,285.3949999999999
2017-06-13 23:00:00,285.3949999999999
2017-06-14 03:31:35,285.0449999999999
2017-06-14 04:31:53,285.34499999999997
2017-06-14 23:00:00,285.34499999999997
2017-06-15 01:01:06,285.2949999999999
2017-06-15 04:25:08,283.74499999999995
2017-06-15 05:25:24,284.0449999999999
2017-06-15 23:00:00,284.11999999999995
2017-06-16 03:52:43,284.09499999999997
2017-06-16 04:53:03,284.4450000000001
2017-06-16 23:00:00,284.4450000000001
2017-06-19 01:01:04,284.2949999999999
2017-06-19 03:29:16,286.5449999999999
2017-06-19 04:30:53,286.2949999999999
2017-06-19 23:00:00,286.2699999999999
2017-06-20 01:01:06,287.6449999999999
2017-06-20 03:28:28,286.74499999999995
2017-06-20 04:30:13,286.99499999999995
2017-06-20 05:30:31,287.24499999999995
2017-06-20 23:00:00,287.24499999999995
2017-06-21 01:01:06,285.0449999999999
2017-06-21 04:05:39,284.82
2017-06-21 05:06:05,284.8949999999999
2017-06-21 23:00:00,284.8949999999999
2017-06-22 01:01:07,285.74499999999995
2017-06-22 02:01:20,285.6950000000001
2017-06-22 23:00:00,287.0199999999999
2017-06-23 03:10:18,286.74499999999995
2017-06-23 04:10:34,286.9450000000001
2017-06-23 05:10:44,287.1950000000001
2017-06-23 23:00:00,287.71999999999997
2017-06-26 04:27:21,289.1950000000001
2017-06-26 05:27:40,289.24499999999995
2017-06-26 23:00:00,289.24499999999995
2017-06-27 01:01:08,288.84499999999997
2017-06-27 02:01:23,289.49499999999995
2017-06-27 23:00:00,289.49499999999995
2017-06-28 04:53:44,289.1950000000001
2017-06-28 23:00:00,288.71999999999997
2017-06-29 05:14:02,291.09499999999997
2017-06-29 23:00:00,290.82
2017-06-30 05:30:24,288.99499999999995
2017-06-30 23:00:00,288.99499999999995
2017-07-03 02:47:43,289.99499999999995
2017-07-03 03:48:45,289.7949999999999
2017-07-03 04:49:06,289.2949999999999
2017-07-03 23:00:00,290.42
2017-07-04 02:48:00,290.0449999999999
2017-07-04 03:49:13,289.99499999999995
2017-07-04 04:49:35,289.6950000000001
2017-07-04 23:00:00,288.11999999999995
2017-07-05 01:01:08,287.7949999999999
2017-07-05 03:08:01,288.34499999999997
2017-07-05 04:11:35,289.0449999999999
2017-07-05 05:11:55,288.8949999999999
2017-07-05 23:00:00,288.8949999999999
2017-07-06 03:28:32,289.09499999999997
2017-07-06 04:29:28,289.1449999999999
2017-07-06 05:29:47,289.0449999999999
2017-07-06 23:00:00,289.57
2017-07-07 23:00:00,288.71999999999997
2017-07-10 04:09:16,290.0449999999999
2017-07-10 23:00:00,289.2699999999999
2017-07-11 23:00:00,291.17
2017-07-12 23:00:00,291.07
2017-07-13 04:51:52,295.49499999999995
2017-07-13 23:00:00,295.0199999999999
2017-07-14 23:00:00,295.17
2017-07-17 02:51:55,295.99499999999995
2017-07-17 04:10:50,296.1950000000001
2017-07-17 23:00:00,295.96999999999997
2017-07-18 02:59:17,296.1950000000001
2017-07-18 04:25:17,296.1449999999999
2017-07-18 23:00:00,296.5199999999999
2017-07-19 04:47:26,295.84499999999997
2017-07-19 23:00:00,297.17
2017-07-20 04:39:31,297.2949999999999
2017-07-20 23:00:00,298.07
2017-07-21 01:01:16,298.0449999999999
2017-07-21 23:00:00,299.57
2017-07-24 01:01:09,299.3949999999999
2017-07-24 05:12:46,299.09499999999997
2017-07-24 23:00:00,299.71999999999997
2017-07-25 03:50:30,299.1950000000001
2017-07-25 05:23:59,299.09499999999997
2017-07-25 23:00:00,298.11999999999995
2017-07-26 23:00:00,297.42
2017-07-27 23:00:00,298.32
2017-07-28 04:50:57,293.3949999999999
2017-07-28 23:00:00,291.0199999999999
2017-07-31 04:38:26,291.6950000000001
2017-07-31 23:00:00,292.0199999999999
2017-08-01 03:34:40,295.6950000000001
2017-08-01 05:04:00,295.7949999999999
2017-08-01 23:00:00,295.0199999999999
2017-08-02 01:01:08,295.7949999999999
2017-08-02 05:31:01,295.7949999999999
2017-08-02 23:00:00,295.61999999999995
2017-08-03 04:51:00,290.99499999999995
2017-08-03 23:00:00,290.11999999999995
2017-08-04 23:00:00,291.32
2017-08-07 04:37:36,292.6449999999999
2017-08-07 23:00:00,291.36999999999995
2017-08-08 04:54:46,291.24499999999995
2017-08-08 23:00:00,291.32
2017-08-09 05:22:51,287.99499999999995
2017-08-09 23:00:00,287.11999999999995
2017-08-10 04:44:10,283.9450000000001
2017-08-10 23:00:00,285.71999999999997
2017-08-11 23:00:00,279.96999999999997
2017-08-14 03:48:20,282.2949999999999
2017-08-14 05:24:15,282.8949999999999
2017-08-14 23:00:00,283.07
2017-08-16 23:00:00,284.71999999999997
2017-08-17 23:00:00,286.32
2017-08-18 23:00:00,283.11999999999995
2017-08-19 23:00:00,285.7699999999999
2017-08-21 05:00:10,285.84499999999997
2017-08-21 23:00:00,285.57
2017-08-22 23:00:00,286.0199999999999
2017-08-23 23:00:00,289.11999999999995
2017-08-24 23:00:00,286.86999999999995
2017-08-25 23:00:00,289.07
2017-08-26 23:00:00,288.86999999999995
2017-08-28 04:49:39,287.0449999999999
2017-08-28 23:00:00,286.67
2017-08-29 23:00:00,287.07
2017-08-30 23:00:00,286.67
2017-08-31 23:00:00,287.21999999999997
2017-09-01 23:00:00,285.7699999999999
2017-09-02 23:00:00,285.57
2017-09-04 04:57:05,282.8949999999999
2017-09-04 23:00:00,281.96999999999997
2017-09-05 23:00:00,282.61999999999995
2017-09-06 05:22:36,280.5449999999999
2017-09-06 23:00:00,280.7699999999999
2017-09-07 23:00:00,281.7699999999999
2017-09-08 23:00:00,284.67
2017-09-09 23:00:00,284.5199999999999
2017-09-11 04:32:47,287.6449999999999
2017-09-11 23:00:00,287.71999999999997
2017-09-12 23:00:00,289.0199999999999
2017-09-13 23:00:00,287.82
2017-09-14 23:00:00,287.0199999999999
2017-09-15 23:00:00,289.11999999999995
2017-09-16 23:00:00,290.96999999999997
2017-09-18 03:06:59,294.24499999999995
2017-09-18 04:37:28,294.9450000000001
2017-09-18 23:00:00,296.17
2017-09-19 23:00:00,295.61999999999995
2017-09-20 04:57:20,295.7949999999999
2017-09-20 23:00:00,295.2699999999999
2017-09-21 23:00:00,295.5199999999999
2017-09-22 23:00:00,293.36999999999995
2017-09-25 04:02:47,292.9450000000001
2017-09-25 23:00:00,293.2699999999999
2017-09-26 05:04:32,291.24499999999995
2017-09-26 23:00:00,291.2699999999999
2017-09-27 23:00:00,290.86999999999995
2017-09-28 23:00:00,291.07
2017-09-29 23:00:00,293.5199999999999
2017-10-10 04:35:52,300.3949999999999
2017-10-10 23:00:00,299.61999999999995
2017-10-11 01:01:07,300.74499999999995
2017-10-11 04:05:53,301.49499999999995
2017-10-11 05:06:14,302.09499999999997
2017-10-11 23:00:00,302.71999999999997
2017-10-12 01:01:07,303.0449999999999
2017-10-12 05:11:51,304.0449999999999
2017-10-12 23:00:00,304.0449999999999
2017-10-13 05:12:57,305.24499999999995
2017-10-13 23:00:00,305.24499999999995
2017-10-16 04:32:09,304.6950000000001
2017-10-16 23:00:00,304.96999999999997
2017-10-17 03:46:24,305.6449999999999
2017-10-17 04:47:24,305.84499999999997
2017-10-17 23:00:00,305.2699999999999
2017-10-18 23:00:00,305.32
2017-10-19 05:17:27,303.6449999999999
2017-10-19 23:00:00,303.57
2017-10-20 23:00:00,305.71999999999997
2017-10-23 04:12:04,305.99499999999995
2017-10-23 05:12:20,306.2949999999999
2017-10-23 23:00:00,306.5199999999999
2017-10-24 04:16:29,306.4450000000001
2017-10-24 05:16:45,306.3949999999999
2017-10-24 23:00:00,306.0199999999999
2017-10-25 04:52:42,306.5449999999999
2017-10-25 23:00:00,306.21999999999997
2017-10-26 05:02:12,305.74499999999995
2017-10-26 23:00:00,303.57
2017-10-27 05:09:18,305.5449999999999
2017-10-27 23:00:00,306.32
2017-10-30 04:27:09,307.1449999999999
2017-10-30 05:27:18,306.8949999999999
2017-10-30 23:00:00,306.92
2017-10-31 01:01:07,307.0449999999999
2017-10-31 04:52:18,310.09499999999997
2017-10-31 23:00:00,310.5199999999999
2017-11-01 05:03:39,314.8949999999999
2017-11-01 23:00:00,316.0199999999999
2017-11-02 01:01:06,315.2949999999999
2017-11-02 23:00:00,314.5199999999999
2017-11-03 05:26:40,313.74499999999995
2017-11-03 23:00:00,315.67
2017-11-06 04:09:33,313.1449999999999
2017-11-06 05:10:00,313.24499999999995
2017-11-06 23:00:00,313.61999999999995
2017-11-07 04:34:38,313.4450000000001
2017-11-07 23:00:00,313.21999999999997
2017-11-08 05:08:12,313.7949999999999
2017-11-08 23:00:00,314.71999999999997
2017-11-09 01:01:07,313.84499999999997
2017-11-09 23:00:00,313.11999999999995
2017-11-10 01:01:06,312.4450000000001
2017-11-10 23:00:00,312.36999999999995
2017-11-13 03:52:12,311.09499999999997
2017-11-13 04:52:33,311.2949999999999
2017-11-13 23:00:00,311.0199999999999
2017-11-14 04:21:58,310.34499999999997
2017-11-14 05:22:18,310.59499999999997
2017-11-14 23:00:00,310.7699999999999
2017-11-15 05:02:27,309.3949999999999
2017-11-15 23:00:00,308.61999999999995
2017-11-16 23:00:00,310.7699999999999
2017-11-17 05:27:25,311.09499999999997
2017-11-17 23:00:00,310.36999999999995
2017-11-20 04:34:01,309.84499999999997
2017-11-20 23:00:00,308.92
2017-11-21 04:32:20,310.24499999999995
2017-11-21 23:00:00,310.32
2017-11-22 05:10:45,311.6449999999999
2017-11-22 23:00:00,312.0199999999999
2017-11-23 23:00:00,310.92
2017-11-24 23:00:00,311.71999999999997
2017-11-27 04:19:18,306.49499999999995
2017-11-27 05:19:45,306.3949999999999
2017-11-27 23:00:00,305.36999999999995
2017-11-28 04:49:35,306.74499999999995
2017-11-28 23:00:00,307.17
2017-11-29 04:58:15,307.3949999999999
2017-11-29 23:00:00,307.07
2017-11-30 23:00:00,301.71999999999997
2017-12-01 01:01:07,301.42
2017-12-01 05:28:29,302.09499999999997
2017-12-01 23:00:00,301.21999999999997
2017-12-04 03:55:03,303.34499999999997
2017-12-04 04:55:27,303.74499999999995
2017-12-04 23:00:00,304.46999999999997
2017-12-05 01:01:07,304.34499999999997
2017-12-05 04:35:01,305.49499999999995
2017-12-05 23:00:00,306.07
2017-12-06 05:02:48,301.8949999999999
2017-12-06 23:00:00,301.11999999999995
2017-12-07 23:00:00,300.17
2017-12-08 05:16:51,301.24499999999995
2017-12-08 23:00:00,300.82
2017-12-11 04:59:30,301.34499999999997
2017-12-11 23:00:00,300.96999999999997
2017-12-12 04:59:33,300.96999999999997
2017-12-12 23:00:00,299.92
2017-12-13 04:44:10,299.92
2017-12-13 23:00:00,302.32
2017-12-14 04:15:33,306.0449999999999
2017-12-14 05:15:58,306.7949999999999
2017-12-14 23:00:00,303.42
2017-12-15 01:18:05,302.9450000000001
2017-12-15 23:00:00,302.0199999999999
2017-12-18 04:14:46,303.1950000000001
2017-12-18 05:15:08,303.0449999999999
2017-12-18 23:00:00,303.2699999999999
2017-12-19 04:22:19,302.74499999999995
2017-12-19 05:22:38,303.09499999999997
2017-12-19 23:00:00,302.96999999999997
2017-12-20 05:12:28,302.6449999999999
2017-12-20 23:00:00,302.67
2017-12-21 05:30:57,296.99499999999995
2017-12-21 23:00:00,295.96999999999997
2017-12-22 01:01:08,297.24499999999995
2017-12-22 23:00:00,297.61999999999995
2017-12-26 03:58:09,298.8949999999999
2017-12-26 04:58:27,298.1950000000001
2017-12-26 23:00:00,296.57
2017-12-27 04:30:47,297.99499999999995
2017-12-27 23:00:00,300.32
2017-12-28 05:11:57,303.4450000000001
2017-12-28 23:00:00,304.42
2018-01-02 02:57:02,304.6950000000001
2018-01-02 03:59:33,304.7949999999999
2018-01-02 04:59:54,305.6449999999999
2018-01-02 23:00:00,305.61999999999995
2018-01-03 03:45:18,306.7949999999999
2018-01-03 04:45:42,306.59499999999997
2018-01-03 23:00:00,306.82
2018-01-04 04:57:17,304.8949999999999
2018-01-04 23:00:00,304.11999999999995
2018-01-05 05:23:41,307.84499999999997
2018-01-05 23:00:00,307.84499999999997
2018-01-08 03:44:25,311.1449999999999
2018-01-08 04:44:50,308.99499999999995
2018-01-08 23:00:00,310.36999999999995
2018-01-09 04:20:39,310.74499999999995
2018-01-09 05:21:02,309.9450000000001
2018-01-09 23:00:00,309.57
2018-01-10 04:56:44,307.59499999999997
2018-01-10 23:00:00,306.96999999999997
2018-01-11 01:01:07,306.67
2018-01-11 05:26:58,305.74499999999995
2018-01-11 23:00:00,305.61999999999995
2018-01-12 23:00:00,305.7699999999999
2018-01-15 01:01:08,307.0449999999999
2018-01-15 03:04:10,306.6950000000001
2018-01-15 04:08:03,307.1449999999999
2018-01-15 05:08:26,307.09499999999997
2018-01-15 23:00:00,306.42
2018-01-16 02:38:01,307.49499999999995
2018-01-16 03:38:59,308.1950000000001
2018-01-16 04:39:24,308.2949999999999
2018-01-16 23:00:00,309.61999999999995
2018-01-17 03:33:59,307.99499999999995
2018-01-17 04:39:37,308.24499999999995
2018-01-17 23:00:00,308.67
2018-01-18 03:47:06,309.74499999999995
2018-01-18 04:47:36,309.6950000000001
2018-01-18 23:00:00,308.5199999999999
2018-01-19 03:48:56,308.59499999999997
2018-01-19 04:49:25,308.5449999999999
2018-01-19 23:00:00,308.7699999999999
2018-01-22 02:37:53,305.49499999999995
2018-01-22 03:38:56,304.49499999999995
2018-01-22 04:39:21,304.34499999999997
2018-01-22 23:00:00,305.5199999999999
2018-01-23 02:43:53,307.74499999999995
2018-01-23 03:44:22,309.09499999999997
2018-01-23 04:44:47,308.74499999999995
2018-01-23 23:00:00,310.11999999999995
2018-01-24 03:41:24,310.1449999999999
2018-01-24 04:43:39,310.49499999999995
2018-01-24 23:00:00,310.7699999999999
2018-01-25 03:32:37,313.4450000000001
2018-01-25 04:33:15,313.4450000000001
2018-01-25 23:00:00,313.46999999999997
2018-01-26 04:08:14,313.74499999999995
2018-01-26 05:08:37,314.09499999999997
2018-01-26 23:00:00,315.0199999999999
2018-01-29 23:00:00,317.61999999999995
2018-01-30 04:52:57,317.1449999999999
2018-01-30 23:00:00,313.17
2018-01-31 23:00:00,313.5199999999999
2018-02-01 23:00:00,312.5199999999999
2018-02-02 23:00:00,306.42
2018-02-05 03:28:17,301.17
2018-02-05 05:08:31,300.9450000000001
2018-02-05 23:00:00,302.36999999999995
2018-02-06 23:00:00,296.7699999999999
2018-02-07 02:17:54,297.99499999999995
2018-02-07 03:18:10,294.2949999999999
2018-02-07 04:18:24,294.6950000000001
2018-02-07 05:18:39,292.99499999999995
2018-02-07 23:00:00,288.61999999999995
2018-02-08 01:01:06,292.1449999999999
2018-02-08 03:01:46,291.8949999999999
2018-02-08 04:02:10,291.74499999999995
2018-02-08 05:02:25,291.24499999999995
2018-02-08 23:00:00,291.61999999999995
2018-02-09 01:01:07,283.59499999999997
2018-02-09 03:04:15,283.24499999999995
2018-02-09 04:04:47,284.24499999999995
2018-02-09 05:05:02,283.99499999999995
2018-02-09 23:00:00,283.96999999999997
2018-02-12 01:01:06,285.0449999999999
2018-02-12 02:50:33,286.34499999999997
2018-02-12 03:51:01,287.09499999999997
2018-02-12 04:51:15,287.6449999999999
2018-02-12 23:00:00,287.21999999999997
2018-02-13 04:12:56,292.0449999999999
2018-02-13 05:13:34,290.6449999999999
2018-02-13 23:00:00,290.5199999999999
2018-02-14 04:38:07,291.99499999999995
2018-02-14 23:00:00,293.42
2018-02-19 03:41:47,295.84499999999997
2018-02-19 04:42:16,295.74499999999995
2018-02-19 23:00:00,295.36999999999995
2018-02-20 03:52:49,292.6449999999999
2018-02-20 04:53:35,292.59499999999997
2018-02-20 23:00:00,291.11999999999995
2018-02-21 04:24:33,291.7949999999999
2018-02-21 05:25:02,292.4450000000001
2018-02-21 23:00:00,293.17
2018-02-22 01:06:24,291.6950000000001
2018-02-22 05:29:55,290.6950000000001
2018-02-22 23:00:00,290.96999999999997
2018-02-23 04:16:42,294.4450000000001
2018-02-23 05:17:10,293.49499999999995
2018-02-23 23:00:00,295.7699999999999
2018-02-26 03:23:33,296.24499999999995
2018-02-26 04:24:11,295.6950000000001
2018-02-26 05:24:41,295.1449999999999
2018-02-26 23:00:00,296.21999999999997
2018-02-27 03:30:17,297.24499999999995
2018-02-27 04:30:49,297.24499999999995
2018-02-27 23:00:00,294.86999999999995
2018-02-28 03:56:31,292.4450000000001
2018-02-28 04:57:11,292.9450000000001
2018-02-28 23:00:00,291.57
2018-03-02 01:01:11,291.57
2018-03-02 05:01:55,291.57
2018-03-02 23:00:00,287.57
2018-03-05 02:27:12,287.57
2018-03-05 03:27:54,287.57
2018-03-05 04:28:41,287.57
2018-03-05 05:28:54,287.57
2018-03-05 23:00:00,283.0199999999999
2018-03-06 03:20:14,283.0199999999999
2018-03-06 04:21:00,283.0199999999999
2018-03-06 05:21:19,283.0199999999999
2018-03-06 23:00:00,289.07
2018-03-07 02:47:59,289.07
2018-03-07 03:48:16,289.07
2018-03-07 04:48:31,289.07
2018-03-07 23:00:00,289.61999999999995
2018-03-08 03:08:40,291.09499999999997
2018-03-08 04:09:17,291.49499999999983
2018-03-08 05:09:36,291.49499999999983
2018-03-08 23:00:00,292.5199999999999
2018-03-09 02:51:19,299.045
2018-03-09 03:51:37,297.14500000000004
2018-03-09 04:51:51,297.84499999999997
2018-03-09 23:00:00,295.96999999999997
2018-03-12 02:55:16,299.14500000000004
2018-03-12 03:55:38,299.295
2018-03-12 04:55:52,299.545
2018-03-12 23:00:00,298.92
2018-03-13 03:08:12,300.295
2018-03-13 04:08:27,299.795
2018-03-13 05:08:48,299.64500000000004
2018-03-13 23:00:00,300.61999999999995
2018-03-14 02:55:21,299.695
2018-03-14 03:55:37,299.445
2018-03-14 04:55:53,299.545
2018-03-14 23:00:00,300.5199999999999
2018-03-15 23:00:00,301.82
2018-03-16 04:17:49,299.59499999999997
2018-03-16 05:18:06,300.39500000000004
2018-03-16 23:00:00,300.7699999999999
2018-03-19 03:51:43,299.39500000000004
2018-03-19 04:52:41,299.24499999999983
2018-03-19 23:00:00,298.82
2018-03-20 04:23:41,298.09499999999997
2018-03-20 05:24:06,298.89500000000004
2018-03-20 23:00:00,300.2699999999999
2018-03-21 05:10:11,300.39500000000004
2018-03-21 23:00:00,300.57
2018-03-22 01:01:07,302.59499999999997
2018-03-22 23:00:00,301.07
2018-03-23 01:01:07,293.64500000000004
2018-03-23 02:01:19,293.445
2018-03-23 23:00:00,291.17
2018-03-26 04:56:13,291.195
2018-03-26 23:00:00,293.46999999999997
2018-03-27 04:59:40,294.74499999999983
2018-03-27 23:00:00,294.11999999999995
2018-03-28 04:02:15,289.74499999999983
2018-03-28 05:02:32,289.49499999999983
2018-03-28 23:00:00,289.49499999999983
2018-03-29 01:17:58,289.74499999999983
2018-03-29 23:00:00,293.42
2018-03-30 23:00:00,293.5199999999999
2018-04-02 04:29:41,294.045
2018-04-02 05:30:09,293.59499999999997
2018-04-02 23:00:00,292.42
2018-04-03 04:41:03,290.74499999999983
2018-04-03 23:00:00,291.92
2018-04-04 04:56:44,289.11999999999995
2018-04-04 23:00:00,286.5199999999999
2018-04-05 23:00:00,291.92
2018-04-06 04:59:17,289.24499999999983
2018-04-06 23:00:00,289.82
2018-04-09 03:32:07,290.695
2018-04-09 04:32:31,292.045
2018-04-09 23:00:00,292.045
2018-04-10 01:02:30,290.195
2018-04-10 04:49:08,291.99499999999983
2018-04-10 23:00:00,292.42
2018-04-11 01:01:09,292.945
2018-04-11 23:00:00,291.42
2018-04-12 23:00:00,290.71999999999997
2018-04-13 23:00:00,293.42
2018-04-16 01:01:08,294.64500000000004
2018-04-16 04:53:29,292.99499999999983
2018-04-16 23:00:00,293.2699999999999
2018-04-17 05:17:51,292.99499999999983
2018-04-17 23:00:00,293.36999999999995
2018-04-18 23:00:00,296.57
2018-04-19 23:00:00,296.57
2018-04-20 05:27:37,296.695
2018-04-20 23:00:00,295.86999999999995
2018-04-23 04:05:32,295.84499999999997
2018-04-23 05:06:01,295.74499999999983
2018-04-23 23:00:00,296.07
2018-04-24 05:09:28,294.59499999999997
2018-04-24 23:00:00,294.32
2018-04-25 05:03:19,290.795
2018-04-25 23:00:00,291.92
2018-04-26 05:23:00,297.09499999999997
2018-04-26 23:00:00,296.42
2018-04-27 05:29:41,298.795
2018-04-27 23:00:00,299.11999999999995
2018-04-30 04:12:48,300.59499999999997
2018-04-30 05:13:17,300.59499999999997
2018-04-30 23:00:00,300.61999999999995
2018-05-02 23:00:00,298.71999999999997
2018-05-03 05:22:25,297.24499999999983
2018-05-03 23:00:00,296.96999999999997
2018-05-04 05:16:33,295.99499999999983
2018-05-04 23:00:00,295.42
2018-05-08 03:52:39,296.545
2018-05-08 04:53:01,296.34499999999997
2018-05-08 23:00:00,293.0199999999999
2018-05-09 03:35:42,291.14500000000004
2018-05-09 04:36:10,293.34499999999997
2018-05-09 23:00:00,293.34499999999997
2018-05-10 01:01:07,294.09499999999997
2018-05-10 05:26:37,293.545
2018-05-10 23:00:00,294.82
2018-05-11 04:22:16,297.34499999999997
2018-05-11 05:22:42,297.545
2018-05-11 23:00:00,296.61999999999995
2018-05-14 04:25:54,295.99499999999983
2018-05-14 05:26:17,295.64500000000004
2018-05-14 23:00:00,295.82
2018-05-15 03:36:21,293.545
2018-05-15 04:36:40,293.445
2018-05-15 23:00:00,292.71999999999997
2018-05-16 23:00:00,292.71999999999997
2018-05-17 05:20:57,293.545
2018-05-17 23:00:00,292.36999999999995
2018-05-18 23:00:00,293.71999999999997
2018-05-21 04:22:29,294.59499999999997
2018-05-21 05:22:58,294.84499999999997
2018-05-21 23:00:00,294.07
2018-05-23 04:42:51,295.32
2018-05-23 23:00:00,296.11999999999995
2018-05-24 23:00:00,295.5199999999999
2018-05-25 05:16:19,296.295
2018-05-25 23:00:00,296.2699999999999
2018-05-28 05:07:56,297.195
2018-05-28 23:00:00,297.195
2018-05-29 03:28:20,294.545
2018-05-29 04:31:19,294.64500000000004
2018-05-29 23:00:00,294.64500000000004
2018-05-30 05:04:49,287.49499999999983
2018-05-30 23:00:00,287.49499999999983
2018-05-31 05:19:44,288.09499999999997
2018-05-31 23:00:00,287.86999999999995
2018-06-01 05:06:57,290.39500000000004
2018-06-01 23:00:00,290.36999999999995
2018-06-04 04:11:44,291.89500000000004
2018-06-04 05:12:11,291.89500000000004
2018-06-04 23:00:00,292.11999999999995
2018-06-05 04:01:16,291.64500000000004
2018-06-05 05:01:42,291.795
2018-06-05 23:00:00,292.71999999999997
2018-06-06 01:01:10,291.84499999999997
2018-06-07 23:00:00,295.82
2018-06-08 23:00:00,292.2699999999999
2018-06-11 03:55:37,294.295
2018-06-11 04:56:03,294.49499999999983
2018-06-11 23:00:00,295.11999999999995
2018-06-12 02:42:49,295.11999999999995
2018-06-12 03:43:43,295.11999999999995
2018-06-12 04:43:59,295.11999999999995
2018-06-12 23:00:00,294.92
2018-06-14 23:00:00,288.67
2018-06-15 05:29:07,288.39500000000004
2018-06-15 23:00:00,287.46999999999997
2018-06-18 04:17:08,284.545
2018-06-18 05:17:36,284.045
2018-06-18 23:00:00,284.12000000000006
2018-06-19 04:54:24,282.045
2018-06-19 23:00:00,279.62000000000006
2018-06-20 23:00:00,282.46999999999997
2018-06-21 23:00:00,279.02000000000004
2018-06-22 23:00:00,281.92
2018-06-25 04:51:06,281.14500000000004
2018-06-25 23:00:00,281.52000000000004
2018-06-26 04:37:10,281.295
2018-06-26 23:00:00,280.67
2018-06-27 23:00:00,279.82
2018-06-28 05:28:28,278.3450000000001
2018-06-28 23:00:00,277.37000000000006
2018-06-29 23:00:00,278.27000000000004
2018-07-02 03:51:37,275.795
2018-07-02 04:52:08,274.6949999999999
2018-07-02 23:00:00,271.17
2018-07-03 04:52:43,270.99500000000006
2018-07-03 23:00:00,272.02000000000004
2018-07-04 23:00:00,270.82
2018-07-05 23:00:00,270.27000000000004
2018-07-06 23:00:00,271.87000000000006
2018-07-09 05:12:28,275.045
2018-07-09 23:00:00,274.52000000000004
2018-07-10 05:08:46,275.24500000000006
2018-07-10 23:00:00,275.21999999999997
2018-07-11 04:53:26,273.5950000000001
2018-07-11 23:00:00,273.57
2018-07-12 23:00:00,274.27000000000004
2018-07-13 04:33:29,276.6949999999999
2018-07-13 23:00:00,277.37000000000006
2018-07-16 05:17:25,276.5950000000001
2018-07-16 23:00:00,276.5950000000001
2018-07-17 02:28:50,276.3450000000001
2018-07-17 03:29:34,275.8450000000001
2018-07-17 04:30:36,276.74500000000006
2018-07-17 05:31:01,276.4449999999999
2018-07-17 23:00:00,276.4449999999999
2018-07-18 03:28:15,276.99500000000006
2018-07-18 04:31:28,276.49500000000006
2018-07-18 23:00:00,276.49500000000006
2018-07-19 01:01:07,276.39500000000004
2018-07-19 04:04:22,275.89500000000004
2018-07-19 05:04:51,275.1949999999999
2018-07-19 23:00:00,275.1949999999999
2018-07-20 01:01:06,274.64500000000004
2018-07-20 04:03:05,274.74500000000006
2018-07-20 05:03:32,274.6949999999999
2018-07-20 23:00:00,274.6949999999999
2018-07-23 02:44:15,274.14500000000004
2018-07-23 03:45:14,273.49500000000006
2018-07-23 04:45:44,273.99500000000006
2018-07-23 23:00:00,273.99500000000006
2018-07-24 02:44:19,273.99500000000006
2018-07-24 03:45:27,273.99500000000006
2018-07-24 04:45:56,274.3450000000001
2018-07-24 23:00:00,274.3450000000001
2018-07-25 03:47:32,274.64500000000004
2018-07-25 04:49:10,274.49500000000006
2018-07-25 23:00:00,274.49500000000006
2018-07-26 03:36:13,275.74500000000006
2018-07-26 04:37:23,275.545
2018-07-26 23:00:00,275.545
2018-07-27 03:55:02,276.045
2018-07-27 04:55:30,276.295
2018-07-27 23:00:00,276.295
2018-07-30 04:09:02,275.795
2018-07-30 23:00:00,276.07
2018-07-31 05:09:44,276.045
2018-07-31 23:00:00,276.21999999999997
2018-08-01 23:00:00,277.62000000000006
2018-08-02 23:00:00,271.77000000000004
2018-08-03 23:00:00,274.27000000000004
2018-08-06 03:42:30,275.5950000000001
2018-08-06 05:29:42,275.045
2018-08-06 23:00:00,274.07
2018-08-07 03:57:40,274.9449999999999
2018-08-07 23:00:00,276.17
2018-08-08 05:21:52,276.74500000000006
2018-08-08 23:00:00,275.96999999999997
2018-08-09 23:00:00,275.82
2018-08-10 23:00:00,272.32
2018-08-13 23:00:00,268.82
2018-08-14 23:00:00,269.96999999999997
2018-08-16 23:00:00,266.62000000000006
2018-08-17 23:00:00,266.96999999999997
2018-08-20 23:00:00,267.32
2018-08-21 01:01:17,266.5950000000001
2018-08-21 23:00:00,270.77000000000004
2018-08-22 01:01:08,270.3450000000001
2018-08-22 23:00:00,271.62000000000006
2018-08-23 01:01:10,272.295
2018-08-23 23:00:00,272.42
2018-08-24 23:00:00,273.87000000000006
2018-08-27 23:00:00,273.7200000000001
2018-08-28 23:00:00,273.7200000000001
2018-08-29 23:00:00,273.7200000000001
2018-08-30 23:00:00,273.7200000000001
2018-08-31 23:00:00,273.7200000000001
2018-09-03 23:00:00,273.7200000000001
2018-09-04 23:00:00,273.7200000000001
2018-09-05 23:00:00,273.7200000000001
2018-09-06 23:00:00,273.7200000000001
2018-09-07 23:00:00,273.7200000000001
2018-09-10 23:00:00,273.7200000000001
2018-09-11 23:00:00,273.7200000000001
2018-09-12 23:00:00,273.7200000000001
2018-09-13 23:00:00,273.7200000000001
2018-09-14 03:13:46,275.9450000000001
2018-09-14 04:55:57,275.7949999999999
2018-09-14 23:00:00,275.92
2018-09-17 23:00:00,273.37000000000006
2018-09-18 23:00:00,274.82
2018-09-19 23:00:00,275.17
2018-09-20 03:24:01,278.0950000000001
2018-09-20 04:46:49,278.74500000000006
2018-09-20 23:00:00,277.77000000000004
2018-09-21 03:47:08,277.8450000000001
2018-09-21 23:00:00,279.27000000000004
2018-09-27 01:01:07,278.49500000000006
2018-09-27 04:26:56,281.3450000000001
2018-09-27 23:00:00,281.27000000000004
2018-09-28 03:22:32,280.64500000000004
2018-09-28 05:11:47,280.2949999999999
2018-09-28 23:00:00,279.62000000000006
2018-10-01 04:04:17,279.5950000000001
2018-10-01 23:00:00,279.5950000000001
2018-10-02 23:00:00,279.5950000000001
2018-10-04 02:18:04,272.2949999999999
2018-10-04 03:32:16,272.14500000000004
2018-10-04 04:33:30,271.4450000000001
2018-10-04 23:00:00,270.67
2018-10-05 02:12:11,270.7949999999999
2018-10-05 03:13:27,269.14500000000004
2018-10-05 04:14:11,269.4450000000001
2018-10-05 05:14:41,270.0449999999999
2018-10-05 23:00:00,270.02000000000004
2018-10-08 23:00:00,269.02000000000004
2018-10-10 23:00:00,266.92
2018-10-11 23:00:00,253.67000000000002
2018-10-12 23:00:00,258.42
2018-10-15 23:00:00,258.42
2018-10-16 23:00:00,258.42
2018-10-17 02:00:43,260.0449999999999
2018-10-17 03:02:15,259.64500000000004
2018-10-17 04:03:20,259.6950000000001
2018-10-17 05:03:50,259.3450000000001
2018-10-17 23:00:00,259.3450000000001
2018-10-18 02:21:13,258.295
2018-10-18 03:21:38,256.64500000000004
2018-10-18 04:22:05,257.045
2018-10-18 05:22:33,256.795
2018-10-18 23:00:00,256.795
2018-10-19 02:47:38,255.74500000000006
2018-10-19 03:48:45,255.89500000000004
2018-10-19 04:49:16,256.045
2018-10-19 23:00:00,257.32
2018-10-22 23:00:00,258.02000000000004
2018-10-23 23:00:00,251.32
2018-10-24 23:00:00,250.37000000000006
2018-10-25 23:00:00,245.82
2018-10-26 23:00:00,241.57
2018-10-29 23:00:00,238.67000000000002
2018-10-30 01:01:07,241.79500000000002
2018-10-30 02:01:25,239.99500000000006
2018-10-30 03:09:48,241.54500000000002
2018-10-30 04:18:24,240.99500000000006
2018-10-30 05:19:01,242.84500000000008
2018-10-30 23:00:00,240.87000000000006
2018-10-31 01:52:11,241.39500000000004
2018-10-31 02:53:27,240.24500000000006
2018-10-31 03:54:36,240.59500000000008
2018-10-31 04:55:05,240.99500000000006
2018-10-31 23:00:00,242.22000000000008
2018-11-01 02:13:27,244.9450000000001
2018-11-01 03:14:56,244.04500000000002
2018-11-01 04:15:41,244.04500000000002
2018-11-01 05:16:14,243.09500000000008
2018-11-01 23:00:00,241.72000000000008
2018-11-02 02:31:36,247.24500000000006
2018-11-02 03:33:03,246.9450000000001
2018-11-02 04:33:33,247.34500000000008
2018-11-02 23:00:00,250.87000000000006
2018-11-05 23:00:00,248.42000000000002
2018-11-06 23:00:00,250.07
2018-11-07 23:00:00,248.87000000000006
2018-11-08 02:34:10,253.04500000000002
2018-11-08 03:39:25,253.24500000000006
2018-11-08 04:40:52,252.89500000000004
2018-11-08 23:00:00,251.17000000000002
2018-11-09 03:20:54,249.84500000000008
2018-11-09 04:21:33,249.64500000000004
2018-11-09 05:22:01,250.1950000000001
2018-11-09 23:00:00,249.82
2018-11-12 23:00:00,250.22000000000008
2018-11-13 23:00:00,247.92000000000002
2018-11-14 23:00:00,247.42000000000002
2018-11-15 02:19:01,246.74500000000006
2018-11-15 03:20:26,246.74500000000006
2018-11-15 04:21:13,247.04500000000002
2018-11-15 05:21:41,247.4450000000001
2018-11-15 23:00:00,250.22000000000008
2018-11-16 01:01:06,250.59500000000008
2018-11-16 03:14:13,249.64500000000004
2018-11-16 04:20:54,250.74500000000006
2018-11-16 05:22:41,249.9450000000001
2018-11-16 23:00:00,249.82
2018-11-19 23:00:00,250.62000000000006
2018-11-20 23:00:00,247.72000000000008
2018-11-21 02:27:21,245.34500000000008
2018-11-21 03:38:18,246.14500000000004
2018-11-21 04:43:07,246.39500000000004
2018-11-21 23:00:00,246.67000000000002
2018-11-22 02:12:19,246.49500000000006
2018-11-22 03:13:44,245.84500000000008
2018-11-22 04:14:30,246.14500000000004
2018-11-22 05:15:03,246.04500000000002
2018-11-22 23:00:00,246.52000000000004
2018-11-23 01:01:07,246.29500000000002
2018-11-23 02:52:10,244.49500000000006
2018-11-23 04:03:53,244.54500000000002
2018-11-23 05:05:13,244.09500000000008
2018-11-23 23:00:00,244.72000000000008
2018-11-26 23:00:00,248.42000000000002
2018-11-27 23:00:00,250.57
2018-11-28 02:12:16,250.14500000000004
2018-11-28 03:26:10,250.89500000000004
2018-11-28 04:33:01,251.34500000000008
2018-11-28 23:00:00,252.12000000000006
2018-11-29 01:01:07,253.9450000000001
2018-11-29 02:30:14,253.54500000000002
2018-11-29 03:42:31,253.59500000000008
2018-11-29 04:47:10,252.79500000000002
2018-11-29 23:00:00,252.42000000000002
2018-11-30 02:35:49,251.39500000000004
2018-11-30 03:46:23,251.14500000000004
2018-11-30 04:48:43,251.54500000000002
2018-11-30 23:00:00,249.77000000000004
2018-12-03 23:00:00,254.52000000000004
2018-12-04 23:00:00,251.87000000000006
2018-12-05 02:12:29,250.04500000000002
2018-12-05 03:24:23,250.79500000000002
2018-12-05 04:30:38,249.54500000000002
2018-12-05 23:00:00,250.02000000000004
2018-12-06 01:57:41,247.59500000000008
2018-12-06 02:58:56,246.84500000000008
2018-12-06 04:00:06,246.09500000000008
2018-12-06 05:00:39,245.54500000000002
2018-12-06 23:00:00,245.52000000000004
2018-12-07 02:06:39,246.4450000000001
2018-12-07 03:08:01,245.6950000000001
2018-12-07 04:08:42,246.74500000000006
2018-12-07 05:09:16,247.29500000000002
2018-12-07 23:00:00,246.72000000000008
2018-12-10 01:01:07,242.99500000000006
2018-12-10 02:15:51,243.6950000000001
2018-12-10 03:29:21,243.04500000000002
2018-12-10 04:36:54,242.9450000000001
2018-12-10 23:00:00,243.67000000000002
2018-12-11 23:00:00,243.22000000000008
2018-12-12 23:00:00,246.92000000000002
2018-12-13 01:01:06,246.54500000000002
2018-12-13 02:18:30,247.59500000000008
2018-12-13 03:31:50,249.09500000000008
2018-12-13 04:38:27,248.14500000000004
2018-12-13 23:00:00,248.8200000000001
2018-12-14 01:59:02,243.14500000000004
2018-12-14 03:00:21,243.04500000000002
2018-12-14 04:01:28,243.74500000000006
2018-12-14 05:02:02,243.29500000000002
2018-12-14 23:00:00,243.72000000000008
2018-12-17 23:00:00,244.67000000000002
2018-12-18 23:00:00,243.72000000000008
2018-12-19 23:00:00,245.47000000000008
2018-12-20 01:50:39,243.84500000000008
2018-12-20 02:51:59,243.695
2018-12-20 03:53:05,242.945
2018-12-20 04:54:23,241.64500000000004
2018-12-20 09:37:20,243.445
2018-12-20 23:00:00,242.72000000000008
2018-12-21 02:17:54,241.99500000000006
2018-12-21 03:18:08,242.14500000000004
2018-12-21 04:18:22,242.445
2018-12-21 05:18:36,242.04500000000002
2018-12-21 23:00:00,242.62000000000006
2018-12-24 23:00:00,242.5700000000001
2018-12-26 23:00:00,238.3200000000001
2018-12-27 23:00:00,242.47000000000008
2018-12-28 23:00:00,243.12000000000006
2019-01-02 23:00:00,239.87000000000006
2019-01-03 23:00:00,237.62000000000006
2019-01-04 01:26:37,236.9450000000001
2019-01-04 02:27:00,237.79500000000002
2019-01-04 03:27:12,239.14500000000004
2019-01-04 04:27:22,239.24500000000006
2019-01-04 23:00:00,239.77000000000004
2019-01-07 23:00:00,243.8200000000001
2019-01-08 02:10:28,242.99500000000006
2019-01-08 03:10:44,243.14500000000004
2019-01-08 04:11:11,242.84500000000008
2019-01-08 05:13:08,243.09500000000008
2019-01-08 23:00:00,241.77000000000004
2019-01-09 02:13:24,246.695
2019-01-09 03:13:42,246.99500000000006
2019-01-09 04:13:54,247.24500000000006
2019-01-09 05:14:08,247.04500000000002
2019-01-09 23:00:00,247.0700000000001
2019-01-10 02:43:55,246.79500000000002
2019-01-10 03:44:29,247.39500000000004
2019-01-10 04:45:07,247.54500000000002
2019-01-10 23:00:00,246.8200000000001
2019-01-11 02:56:02,248.49500000000006
2019-01-11 03:56:37,248.49500000000006
2019-01-11 04:57:09,248.59500000000008
2019-01-11 23:00:00,248.92000000000002
2019-01-14 03:00:25,246.64500000000004
2019-01-14 04:00:52,246.39500000000004
2019-01-14 05:01:07,246.3200000000001
2019-01-14 23:00:00,246.42000000000002
2019-01-15 23:00:00,251.97000000000008
2019-01-16 23:00:00,253.12000000000006
2019-01-17 02:46:44,253.54500000000002
2019-01-17 03:47:03,253.945
2019-01-17 04:47:14,253.945
2019-01-17 23:00:00,253.37000000000006
2019-01-18 02:45:45,254.945
2019-01-18 03:46:05,255.14500000000004
2019-01-18 04:46:20,255.17000000000002
2019-01-18 23:00:00,255.8200000000001
2019-01-21 23:00:00,255.8200000000001
2019-01-22 01:01:06,254.695
2019-01-22 02:30:19,254.04500000000002
2019-01-22 03:30:53,253.54500000000002
2019-01-22 04:31:40,253.695
2019-01-22 23:00:00,254.12000000000006
2019-01-23 02:38:09,255.64500000000004
2019-01-23 03:38:41,255.39500000000004
2019-01-23 04:38:56,255.59500000000008
2019-01-23 23:00:00,255.8200000000001
2019-01-24 01:01:06,256.795
2019-01-24 03:03:38,257.045
2019-01-24 04:04:03,256.99500000000006
2019-01-24 05:04:53,257.49500000000006
2019-01-24 23:00:00,258.17
2019-01-25 23:00:00,263.4700000000001
2019-01-28 02:42:57,263.795
2019-01-28 03:43:17,263.99500000000006
2019-01-28 04:43:57,264.89500000000004
2019-01-28 23:00:00,263.17
2019-01-29 23:00:00,264.52000000000004
2019-01-30 23:00:00,268.62000000000006
2019-01-31 02:27:21,268.24500000000006
2019-01-31 03:27:39,268.89500000000004
2019-01-31 04:27:53,269.0950000000002
2019-01-31 05:28:07,269.14500000000004
2019-01-31 23:00:00,267.9700000000001
2019-02-01 02:31:13,268.795
2019-02-01 03:31:28,268.74500000000006
2019-02-01 04:31:42,268.0950000000002
2019-02-01 23:00:00,267.3200000000001
2019-02-07 02:31:59,268.5950000000002
2019-02-07 03:32:12,268.49500000000006
2019-02-07 04:33:49,268.0950000000002
2019-02-07 23:00:00,267.02000000000004
2019-02-08 02:41:28,263.3450000000002
2019-02-08 03:41:46,263.3450000000002
2019-02-08 04:42:03,263.0950000000002
2019-02-08 23:00:00,263.12000000000006
2019-02-11 23:00:00,263.52000000000004
2019-02-12 23:00:00,265.3200000000001
2019-02-13 23:00:00,266.7200000000001
2019-02-14 02:30:24,265.545
2019-02-14 03:30:45,265.3450000000002
2019-02-14 04:31:02,266.14500000000004
2019-02-14 23:00:00,269.37000000000006
2019-02-15 02:55:47,264.99500000000006
2019-02-15 03:56:04,264.8450000000002
2019-02-15 04:56:16,264.8450000000002
2019-02-15 23:00:00,265.17
2019-02-18 23:00:00,267.77000000000004
2019-02-19 23:00:00,266.67
2019-02-20 23:00:00,269.42
2019-02-21 23:00:00,269.67
2019-02-22 23:00:00,269.92
2019-02-25 23:00:00,270.5700000000001
2019-02-26 01:01:06,270.0950000000002
2019-02-26 02:01:34,269.74500000000006
2019-02-26 03:01:48,269.0950000000002
2019-02-26 04:02:02,269.49500000000006
2019-02-26 05:02:13,268.945
2019-02-26 23:00:00,268.77000000000004
2019-02-27 01:01:06,269.99500000000006
2019-02-27 02:01:21,270.045
2019-02-27 03:03:49,270.045
2019-02-27 04:04:01,269.99500000000006
2019-02-27 05:04:15,269.99500000000006
2019-02-27 23:00:00,269.4700000000001
2019-02-28 01:46:21,269.64500000000004
2019-02-28 02:46:45,269.695
2019-02-28 03:47:23,268.64500000000004
2019-02-28 04:48:02,268.49500000000006
2019-02-28 23:00:00,264.92
2019-03-04 23:00:00,263.77000000000004
2019-03-05 23:00:00,261.7200000000001
2019-03-06 01:01:07,261.3450000000001
2019-03-06 02:11:34,260.445
2019-03-06 03:11:50,260.74500000000006
2019-03-06 04:12:33,260.545
2019-03-06 05:15:29,260.74500000000006
2019-03-06 23:00:00,261.52000000000004
2019-03-07 01:01:08,260.8450000000001
2019-03-07 02:25:19,261.64500000000004
2019-03-07 03:25:33,260.945
2019-03-07 04:26:07,260.64500000000004
2019-03-07 05:27:00,259.945
2019-03-07 23:00:00,259.92
2019-03-08 02:15:59,257.445
2019-03-08 03:16:13,257.14500000000004
2019-03-08 04:16:37,256.74500000000006
2019-03-08 05:18:32,256.8450000000001
2019-03-08 23:00:00,256.0700000000001
2019-03-11 23:00:00,256.27000000000004
2019-03-12 23:00:00,259.02000000000004
2019-03-13 01:01:07,259.02000000000004
2019-03-13 03:12:49,259.02000000000004
2019-03-13 04:14:09,259.02000000000004
2019-03-13 05:18:44,259.02000000000004
2019-03-13 23:00:00,256.7200000000001
2019-03-14 02:33:36,257.0950000000001
2019-03-14 03:34:04,256.6950000000001
2019-03-14 04:34:25,256.99500000000006
2019-03-14 23:00:00,257.92
2019-03-15 02:39:43,261.64500000000004
2019-03-15 03:40:07,260.39500000000004
2019-03-15 04:40:31,260.39500000000004
2019-03-15 23:00:00,260.9700000000001
2019-03-18 02:15:28,260.79500000000013
2019-03-18 03:15:59,261.0950000000001
2019-03-18 04:16:17,260.79500000000013
2019-03-18 23:00:00,260.9700000000001
2019-03-19 23:00:00,260.7200000000001
2019-03-20 23:00:00,261.12000000000006
2019-03-21 02:33:15,265.04500000000013
2019-03-21 03:37:17,263.04500000000013
2019-03-21 04:38:24,262.6449999999999
2019-03-21 23:00:00,263.02000000000004
2019-03-22 23:00:00,263.62000000000006
2019-03-25 01:01:11,258.74500000000006
2019-03-25 02:17:20,259.04500000000013
2019-03-25 03:19:06,258.5950000000001
2019-03-25 04:22:18,258.8450000000001
2019-03-25 23:00:00,258.02000000000004
2019-03-26 23:00:00,258.17
2019-03-27 23:00:00,258.2200000000001
2019-03-28 01:49:08,255.74500000000006
2019-03-28 02:50:00,257.14500000000004
2019-03-28 03:51:49,257.14500000000004
2019-03-28 04:54:06,256.9450000000001
2019-03-28 23:00:00,256.62000000000006
2019-03-29 02:28:14,256.9450000000001
2019-03-29 03:29:19,257.29500000000013
2019-03-29 04:30:00,257.04500000000013
2019-03-29 05:30:18,257.39500000000004
2019-03-29 23:00:00,257.5700000000001
2019-04-01 01:55:34,261.39500000000004
2019-04-01 02:56:03,261.4450000000001
2019-04-01 03:56:30,261.5950000000001
2019-04-01 04:56:49,261.6950000000001
2019-04-01 23:00:00,261.67
2019-04-02 02:33:50,262.6950000000001
2019-04-02 03:38:00,262.3949999999999
2019-04-02 04:38:42,262.6449999999999
2019-04-02 23:00:00,262.7200000000001
2019-04-03 02:42:41,263.8450000000001
2019-04-03 03:43:18,264.24500000000006
2019-04-03 04:43:57,264.8949999999999
2019-04-03 23:00:00,267.0700000000001
2019-04-04 02:50:34,268.1449999999999
2019-04-04 03:51:01,268.8450000000001
2019-04-04 04:52:18,267.8450000000001
2019-04-04 23:00:00,267.8450000000001
2019-04-05 23:00:00,267.8450000000001
2019-04-08 23:00:00,267.8450000000001
2019-04-09 01:39:16,267.6950000000001
2019-04-09 02:39:28,267.29500000000013
2019-04-09 03:39:41,267.4450000000001
2019-04-09 04:39:55,267.5950000000001
2019-04-09 23:00:00,267.5950000000001
2019-04-10 01:43:29,267.04500000000013
2019-04-10 02:43:42,267.04500000000013
2019-04-10 03:43:56,267.1950000000001
2019-04-10 04:44:10,268.1449999999999
2019-04-10 23:00:00,268.1449999999999
2019-04-11 01:56:22,268.99500000000006
2019-04-11 02:56:38,268.74500000000006
2019-04-11 03:56:52,268.6950000000001
2019-04-11 04:57:05,268.1449999999999
2019-04-11 23:00:00,268.1449999999999
2019-04-12 01:56:44,268.29500000000013
2019-04-12 02:56:57,269.49500000000006
2019-04-12 03:57:10,269.1449999999999
2019-04-12 04:57:23,268.79500000000013
2019-04-12 23:00:00,268.79500000000013
2019-04-15 01:52:06,270.99500000000006
2019-04-15 02:52:21,271.49500000000006
2019-04-15 03:52:35,271.74500000000006
2019-04-15 04:52:50,270.8949999999999
2019-04-15 23:00:00,270.8949999999999
2019-04-16 02:11:36,270.79500000000013
2019-04-16 03:12:13,270.1449999999999
2019-04-16 04:12:58,270.8949999999999
2019-04-16 05:14:59,271.1449999999999
2019-04-16 23:00:00,271.1449999999999
2019-04-17 01:56:11,271.54500000000013
2019-04-17 02:56:26,271.74500000000006
2019-04-17 03:56:43,271.74500000000006
2019-04-17 04:57:00,271.8450000000001
2019-04-17 23:00:00,271.8450000000001
2019-04-18 02:10:25,270.49500000000006
2019-04-18 03:10:40,268.6950000000001
2019-04-18 04:10:53,268.8450000000001
2019-04-18 05:11:24,267.9450000000001
2019-04-18 23:00:00,267.9450000000001
2019-04-19 02:15:34,267.54500000000013
2019-04-19 03:15:48,267.49500000000006
2019-04-19 04:20:30,267.29500000000013
2019-04-19 05:24:21,267.3949999999999
2019-04-19 23:00:00,266.77000000000004
2019-04-22 02:09:21,267.6449999999999
2019-04-22 03:09:54,267.24500000000006
2019-04-22 04:10:29,266.8450000000001
2019-04-22 05:12:22,265.79500000000013
2019-04-22 23:00:00,265.79500000000013
2019-04-23 23:00:00,265.79500000000013
2019-04-24 23:00:00,265.79500000000013
2019-04-25 23:00:00,265.79500000000013
2019-04-26 01:59:05,261.1950000000001
2019-04-26 02:59:19,262.1449999999999
2019-04-26 03:59:43,262.4450000000001
2019-04-26 05:00:40,262.04500000000013
2019-04-26 23:00:00,261.9700000000001
2019-04-29 23:00:00,267.87000000000006
2019-04-30 23:00:00,265.8200000000001
2019-05-02 23:00:00,267.0700000000001
2019-05-03 01:42:21,265.6449999999999
2019-05-03 02:42:43,264.04500000000013
2019-05-03 03:43:11,264.49500000000006
2019-05-03 04:43:39,264.79500000000013
2019-05-03 23:00:00,264.17
2019-05-07 23:00:00,262.02000000000004
2019-05-08 23:00:00,260.37000000000006
2019-05-09 01:52:43,258.64500000000004
2019-05-09 02:53:03,258.29500000000013
2019-05-09 03:53:34,257.0950000000001
2019-05-09 04:54:21,255.59500000000008
2019-05-09 23:00:00,255.59500000000008
2019-05-10 01:47:12,251.9450000000001
2019-05-10 02:47:24,253.99500000000006
2019-05-10 03:47:36,252.99500000000006
2019-05-10 04:47:51,252.84500000000008
2019-05-10 23:00:00,252.84500000000008
2019-05-13 02:07:13,251.49500000000006
2019-05-13 03:07:28,250.59500000000008
2019-05-13 04:08:01,250.6950000000001
2019-05-13 05:09:16,250.24500000000006
2019-05-13 23:00:00,250.24500000000006
2019-05-14 23:00:00,250.24500000000006
2019-05-15 23:00:00,250.24500000000006
2019-05-16 01:01:06,249.74500000000006
2019-05-16 02:04:11,248.09500000000008
2019-05-16 03:04:28,247.4450000000001
2019-05-16 04:05:04,248.34500000000008
2019-05-16 05:06:38,247.89500000000004
2019-05-16 23:00:00,247.89500000000004
2019-05-17 01:56:47,247.9450000000001
2019-05-17 02:57:00,248.04500000000013
2019-05-17 03:57:14,247.04500000000013
2019-05-17 04:57:29,246.84500000000008
2019-05-17 23:00:00,246.84500000000008
2019-05-20 01:41:25,246.04500000000013
2019-05-20 02:41:39,247.24500000000006
2019-05-20 03:41:52,246.54500000000013
2019-05-20 04:42:06,246.84500000000008
2019-05-20 23:00:00,246.84500000000008
2019-05-21 23:00:00,246.84500000000008
2019-05-22 23:00:00,246.84500000000008
2019-05-23 23:00:00,246.84500000000008
2019-05-24 01:38:07,245.34500000000008
2019-05-24 02:38:21,245.64500000000004
2019-05-24 03:38:36,244.39500000000004
2019-05-24 04:38:49,243.79500000000013
2019-05-24 23:00:00,243.79500000000013
2019-05-27 01:51:29,245.84500000000008
2019-05-27 02:51:42,244.74500000000006
2019-05-27 03:52:28,244.6950000000001
2019-05-27 04:53:03,244.59500000000008
2019-05-27 23:00:00,244.72000000000008
2019-05-28 23:00:00,245.17000000000002
2019-05-29 23:00:00,241.3200000000001
2019-05-30 23:00:00,241.02000000000015
2019-05-31 23:00:00,241.02000000000015
2019-06-03 23:00:00,241.02000000000015
2019-06-04 23:00:00,241.02000000000015
2019-06-05 23:00:00,241.02000000000015
2019-06-07 23:00:00,241.02000000000015
2019-06-10 23:00:00,241.02000000000015
2019-06-11 23:00:00,241.02000000000015
2019-06-12 23:00:00,241.02000000000015
2019-06-13 02:30:04,249.64500000000015
2019-06-13 03:30:20,249.29500000000013
2019-06-13 04:30:54,250.1950000000001
2019-06-13 23:00:00,250.1950000000001
2019-06-14 02:38:52,251.24500000000018
2019-06-14 03:39:06,250.6950000000001
2019-06-14 04:39:41,250.49500000000018
2019-06-14 23:00:00,250.49500000000018
2019-06-17 23:00:00,250.49500000000018
2019-06-18 02:13:23,251.14500000000015
2019-06-18 03:14:17,251.74500000000018
2019-06-18 04:15:02,251.79500000000013
2019-06-18 05:15:17,251.1950000000001
2019-06-18 23:00:00,251.1950000000001
2019-06-19 02:23:00,254.6950000000001
2019-06-19 03:24:14,254.74500000000018
2019-06-19 04:25:32,254.54500000000013
2019-06-19 05:27:30,255.09500000000008
2019-06-19 23:00:00,255.09500000000008
2019-06-20 02:32:11,254.89500000000015
2019-06-20 03:32:24,255.29500000000013
2019-06-20 04:32:53,255.49500000000018
2019-06-20 23:00:00,255.49500000000018
2019-06-21 02:14:19,254.9450000000001
2019-06-21 03:14:34,255.64500000000015
2019-06-21 04:14:47,255.6950000000001
2019-06-21 05:15:04,255.4450000000001
2019-06-21 23:00:00,255.4450000000001
2019-06-24 23:00:00,255.4450000000001
2019-06-25 23:00:00,255.4450000000001
2019-06-26 01:58:56,254.99500000000018
2019-06-26 02:59:12,255.24500000000018
2019-06-26 03:59:25,255.9450000000001
2019-06-26 04:59:38,255.49500000000018
2019-06-26 23:00:00,255.49500000000018
2019-06-27 01:01:06,255.99500000000018
2019-06-27 02:28:30,257.79500000000013
2019-06-27 03:28:45,258.29500000000013
2019-06-27 04:29:02,259.0950000000001
2019-06-27 05:30:36,258.9950000000002
2019-06-27 23:00:00,258.9950000000002
2019-06-28 02:11:23,258.6950000000001
2019-06-28 03:11:36,258.14500000000015
2019-06-28 04:12:09,257.79500000000013
2019-06-28 05:13:40,258.1950000000001
2019-06-28 23:00:00,258.3200000000001
2019-07-01 23:00:00,258.02000000000015
2019-07-02 23:00:00,256.92000000000013
2019-07-03 23:00:00,252.92000000000013
2019-07-04 23:00:00,255.37000000000006
2019-07-05 23:00:00,254.87000000000006
2019-07-08 23:00:00,249.12000000000006
2019-07-09 23:00:00,248.12000000000006
2019-07-10 03:34:05,250.24500000000018
2019-07-10 04:34:33,250.59500000000008
2019-07-10 23:00:00,249.52000000000015
2019-07-11 03:31:17,251.6950000000001
2019-07-11 04:31:32,251.84500000000008
2019-07-11 23:00:00,252.77000000000015
2019-07-12 03:27:42,252.6950000000001
2019-07-12 04:27:57,252.9450000000001
2019-07-12 05:28:12,253.74500000000018
2019-07-12 23:00:00,253.27000000000015
2019-07-15 23:00:00,253.42000000000013
2019-07-16 23:00:00,254.62000000000006
2019-07-17 23:00:00,251.77000000000015
2019-07-18 02:04:57,251.59500000000008
2019-07-18 03:05:13,250.39500000000015
2019-07-18 04:05:31,250.9450000000001
2019-07-18 05:06:04,250.84500000000008
2019-07-18 23:00:00,250.84500000000008
2019-07-19 01:50:12,253.29500000000013
2019-07-19 02:50:26,254.04500000000013
2019-07-19 03:50:39,254.59500000000008
2019-07-19 04:50:54,255.14500000000015
2019-07-19 23:00:00,255.14500000000015
2019-07-22 02:01:11,255.34500000000008
2019-07-22 03:01:28,254.79500000000013
2019-07-22 04:02:02,254.99500000000018
2019-07-22 05:02:33,254.99500000000018
2019-07-22 23:00:00,255.0700000000001
2019-07-23 23:00:00,256.52000000000015
2019-07-24 23:00:00,253.77000000000015
2019-07-25 23:00:00,253.5700000000001
2019-07-26 23:00:00,252.62000000000006
2019-07-29 01:28:18,251.84500000000008
2019-07-29 02:28:43,249.24500000000018
2019-07-29 03:28:56,248.29500000000013
2019-07-29 04:29:08,247.74500000000018
2019-07-29 23:00:00,247.74500000000018
2019-07-30 23:00:00,247.74500000000018
2019-07-31 23:00:00,247.74500000000018
2019-08-01 23:00:00,247.74500000000018
2019-08-02 23:00:00,247.74500000000018
2019-08-05 01:36:09,240.04500000000013
2019-08-05 02:36:22,238.54500000000013
2019-08-05 03:37:13,237.6950000000001
2019-08-05 04:37:53,237.59500000000008
2019-08-05 23:00:00,236.87000000000006
2019-08-06 23:00:00,233.5700000000001
2019-08-07 23:00:00,232.9200000000001
2019-08-08 23:00:00,233.5200000000001
2019-08-09 23:00:00,235.1700000000001
2019-08-12 23:00:00,235.3700000000001
2019-08-13 23:00:00,231.9700000000001
2019-08-14 23:00:00,235.1200000000001
2019-08-16 23:00:00,233.9700000000001
2019-08-19 23:00:00,235.6700000000001
2019-08-20 23:00:00,237.92000000000013
2019-08-21 23:00:00,238.3200000000001
2019-08-22 23:00:00,236.27000000000015
2019-08-23 23:00:00,236.3200000000001
2019-08-26 23:00:00,232.5200000000001
2019-08-27 23:00:00,234.0200000000001
2019-08-28 23:00:00,235.7700000000001
2019-08-29 23:00:00,233.9700000000001
2019-08-30 23:00:00,238.8200000000001
2019-09-02 23:00:00,239.0700000000001
2019-09-03 23:00:00,237.92000000000013
2019-09-04 23:00:00,241.72000000000008
2019-09-05 23:00:00,244.5700000000001
2019-09-06 23:00:00,245.87000000000012
2019-09-09 23:00:00,247.72000000000008
2019-09-10 23:00:00,248.72000000000008
2019-09-11 23:00:00,250.7700000000001
2019-09-16 23:00:00,250.7700000000001
2019-09-17 23:00:00,250.7700000000001
2019-09-18 23:00:00,250.7700000000001
2019-09-19 23:00:00,250.7700000000001
2019-09-20 01:01:07,254.9450000000001
2019-09-20 02:03:49,255.09500000000008
2019-09-20 03:05:34,255.04500000000013
2019-09-20 04:07:19,255.29500000000013
2019-09-20 05:09:11,256.0950000000001
2019-09-20 23:00:00,256.0950000000001
2019-09-23 01:01:06,255.9450000000001
2019-09-23 02:01:23,256.39500000000015
2019-09-23 03:01:42,255.74500000000006
2019-09-23 04:01:56,255.64500000000015
2019-09-23 05:02:08,255.79500000000013
2019-09-23 23:00:00,256.7200000000001
2019-09-24 23:00:00,258.1200000000001
2019-09-25 23:00:00,254.37000000000012
2019-09-26 01:05:05,255.64500000000015
2019-09-26 02:05:28,255.84500000000008
2019-09-26 03:05:42,255.79500000000013
2019-09-26 04:05:55,255.39500000000015
2019-09-26 05:06:27,255.54500000000013
2019-09-26 23:00:00,255.54500000000013
2019-09-27 01:04:57,253.49500000000006
2019-09-27 02:05:17,252.84500000000008
2019-09-27 03:05:32,251.9450000000001
2019-09-27 04:05:54,252.09500000000008
2019-09-27 05:06:28,251.9450000000001
2019-09-27 23:00:00,251.9450000000001
2019-09-30 23:00:00,251.9450000000001
2019-10-01 01:05:06,253.39500000000015
2019-10-01 02:05:22,255.14500000000015
2019-10-01 03:05:34,255.54500000000013
2019-10-01 04:05:55,255.04500000000013
2019-10-01 05:06:30,255.34500000000008
2019-10-01 23:00:00,255.34500000000008
2019-10-02 01:01:07,252.59500000000008
2019-10-02 02:01:21,251.74500000000006
2019-10-02 03:01:36,251.34500000000008
2019-10-02 04:01:53,250.6950000000001
2019-10-02 05:02:10,250.74500000000006
2019-10-02 23:00:00,248.62000000000012
2019-10-04 01:05:44,249.29500000000013
2019-10-04 02:06:02,249.09500000000008
2019-10-04 03:06:19,249.84500000000008
2019-10-04 04:06:33,249.34500000000008
2019-10-04 05:06:47,249.29500000000013
2019-10-04 23:00:00,247.2700000000001
2019-10-07 01:01:07,249.29500000000013
2019-10-07 02:01:22,247.9450000000001
2019-10-07 03:01:39,248.59500000000008
2019-10-07 04:01:53,248.04500000000013
2019-10-07 05:02:07,248.24500000000006
2019-10-07 23:00:00,248.5200000000001
2019-10-08 23:00:00,252.0700000000001
2019-10-10 01:28:42,247.14500000000015
2019-10-10 02:29:03,249.1950000000001
2019-10-10 03:29:43,249.79500000000013
2019-10-10 04:31:38,249.49500000000006
2019-10-10 23:00:00,250.17000000000013
2019-10-11 01:01:07,252.09500000000008
2019-10-11 02:01:22,251.29500000000013
2019-10-11 03:01:39,252.04500000000013
2019-10-11 04:01:54,252.14500000000015
2019-10-11 05:02:07,252.54500000000013
2019-10-11 23:00:00,252.0200000000001
2019-10-14 02:01:44,255.04500000000013
2019-10-14 03:01:58,255.4450000000001
2019-10-14 04:02:11,255.59500000000008
2019-10-14 05:02:25,255.74500000000006
2019-10-14 23:00:00,254.62000000000012
2019-10-15 23:00:00,255.12000000000012
2019-10-16 23:00:00,256.7700000000001
2019-10-17 02:43:34,256.3450000000001
2019-10-17 03:43:54,256.3450000000001
2019-10-17 04:44:35,256.14500000000015
2019-10-17 23:00:00,255.62000000000012
2019-10-18 01:01:06,256.39500000000015
2019-10-18 03:01:42,256.9450000000001
2019-10-18 04:01:56,256.0950000000001
2019-10-18 05:02:36,255.04500000000013
2019-10-18 23:00:00,253.22000000000008
2019-10-21 23:00:00,254.37000000000012
2019-10-22 23:00:00,257.92000000000013
2019-10-23 23:00:00,256.5700000000001
2019-10-24 02:11:10,256.54500000000013
2019-10-24 03:11:49,255.99500000000006
2019-10-24 04:12:19,256.04500000000013
2019-10-24 05:14:21,255.89500000000015
2019-10-24 23:00:00,255.89500000000015
2019-10-25 02:07:14,257.39500000000015
2019-10-25 03:07:26,256.5950000000001
2019-10-25 04:07:43,256.64500000000015
2019-10-25 05:08:16,257.0950000000001
2019-10-25 23:00:00,257.0950000000001
2019-10-28 02:18:34,258.24500000000006
2019-10-28 03:19:11,258.49500000000006
2019-10-28 04:19:45,258.49500000000006
2019-10-28 23:00:00,258.2700000000001
2019-10-29 23:00:00,257.8200000000001
2019-10-30 23:00:00,255.5200000000001
2019-10-31 23:00:00,256.3200000000001
2019-11-01 01:01:06,256.79500000000013
2019-11-01 02:24:27,257.49500000000006
2019-11-01 03:24:47,257.49500000000006
2019-11-01 04:25:44,257.49500000000006
2019-11-01 05:27:08,257.4450000000001
2019-11-01 23:00:00,258.6200000000001
2019-11-04 23:00:00,263.0200000000001
2019-11-05 02:09:15,262.9450000000001
2019-11-05 03:09:54,263.3450000000001
2019-11-05 04:10:11,263.495
2019-11-05 05:12:01,264.495
2019-11-05 23:00:00,264.3200000000001
2019-11-06 23:00:00,264.7700000000001
2019-11-07 01:01:06,264.29500000000013
2019-11-07 23:00:00,264.4700000000001
2019-11-08 02:39:10,263.995
2019-11-08 03:39:46,264.1450000000002
2019-11-08 04:40:22,263.8950000000002
2019-11-08 23:00:00,263.2700000000001
2019-11-11 01:01:05,262.3450000000001
2019-11-11 02:58:55,260.79500000000013
2019-11-11 03:59:20,261.14500000000015
2019-11-11 04:59:42,261.79500000000013
2019-11-11 23:00:00,260.8700000000001
2019-11-12 23:00:00,263.8200000000001
2019-11-13 23:00:00,261.7200000000001
2019-11-14 23:00:00,263.8200000000001
2019-11-15 02:45:42,267.5950000000001
2019-11-15 03:46:03,267.54500000000013
2019-11-15 04:46:36,267.6450000000002
2019-11-15 23:00:00,267.8700000000001
2019-11-18 01:52:19,266.9450000000001
2019-11-18 02:52:35,266.54500000000013
2019-11-18 03:52:49,266.9450000000001
2019-11-18 04:54:12,266.5950000000001
2019-11-18 23:00:00,267.3200000000001
2019-11-19 23:00:00,266.1200000000001
2019-11-20 23:00:00,262.42000000000013
2019-11-21 23:00:00,258.1200000000001
2019-11-22 02:03:55,259.5950000000001
2019-11-22 03:04:22,259.3450000000001
2019-11-22 04:05:05,259.29500000000013
2019-11-22 05:05:19,258.9450000000001
2019-11-22 23:00:00,259.7200000000001
2019-11-25 23:00:00,262.6200000000001
2019-11-26 02:10:53,264.79500000000013
2019-11-26 03:11:12,263.745
2019-11-26 04:11:25,264.245
2019-11-26 05:11:46,264.495
2019-11-26 23:00:00,263.0200000000001
2019-11-27 02:20:40,262.8950000000002
2019-11-27 03:20:57,263.0950000000001
2019-11-27 04:21:10,263.1950000000001
2019-11-27 05:21:27,263.29500000000013
2019-11-27 23:00:00,262.8700000000001
2019-11-28 02:48:47,262.3950000000002
2019-11-28 03:49:11,262.1450000000002
2019-11-28 04:49:57,262.245
2019-11-28 23:00:00,261.7700000000001
2019-11-29 02:49:04,257.89500000000015
2019-11-29 03:49:49,257.0950000000001
2019-11-29 04:50:23,257.29500000000013
2019-11-29 23:00:00,257.2700000000001
2019-12-02 02:50:19,258.4450000000001
2019-12-02 03:50:37,258.49500000000006
2019-12-02 04:50:49,257.99500000000006
2019-12-02 23:00:00,257.67000000000013
2019-12-03 02:51:53,255.64500000000015
2019-12-03 03:52:16,256.0950000000001
2019-12-03 04:52:52,256.5950000000001
2019-12-03 23:00:00,256.0700000000001
2019-12-04 02:52:40,253.29500000000013
2019-12-04 03:52:58,253.29500000000013
2019-12-04 04:53:11,254.09500000000008
2019-12-04 23:00:00,254.62000000000012
2019-12-05 03:36:36,253.29500000000013
2019-12-05 04:36:55,253.6950000000001
2019-12-05 23:00:00,253.92000000000013
2019-12-06 01:01:07,256.54500000000013
2019-12-06 03:34:40,256.04500000000013
2019-12-06 04:34:54,256.1950000000001
2019-12-06 23:00:00,256.6200000000001
2019-12-09 03:00:09,258.4450000000001
2019-12-09 04:00:53,257.89500000000015
2019-12-09 05:01:29,257.79500000000013
2019-12-09 23:00:00,257.7200000000001
2019-12-10 02:55:15,258.64500000000015
2019-12-10 03:55:48,258.4450000000001
2019-12-10 04:56:08,258.74500000000006
2019-12-10 23:00:00,259.2700000000001
2019-12-11 02:46:55,259.2700000000001
2019-12-11 03:47:09,259.2700000000001
2019-12-11 04:47:23,259.2700000000001
2019-12-11 23:00:00,260.5700000000001
2019-12-12 03:35:53,264.3450000000001
2019-12-12 04:36:08,264.7950000000002
2019-12-12 23:00:00,265.3200000000001
2019-12-13 03:19:14,269.4450000000001
2019-12-13 04:19:45,269.5450000000002
2019-12-13 05:21:07,269.74500000000006
2019-12-13 23:00:00,270.4700000000001
2019-12-16 01:53:10,270.5450000000002
2019-12-16 02:53:24,270.2950000000002
2019-12-16 03:53:40,270.49500000000006
2019-12-16 04:54:10,270.395
2019-12-16 23:00:00,269.7200000000001
2019-12-17 02:20:55,272.2950000000002
2019-12-17 03:21:10,273.3450000000001
2019-12-17 04:21:23,273.9450000000001
2019-12-17 05:21:35,273.9450000000001
2019-12-17 23:00:00,274.1700000000001
2019-12-18 03:09:13,274.3450000000001
2019-12-18 04:09:40,274.1950000000001
2019-12-18 05:11:07,273.9450000000001
2019-12-18 23:00:00,273.7700000000001
2019-12-19 03:04:56,273.8450000000001
2019-12-19 04:05:32,273.8450000000001
2019-12-19 05:06:09,273.395
2019-12-19 23:00:00,274.1700000000001
2019-12-20 23:00:00,274.6700000000001
2019-12-23 02:32:09,274.145
2019-12-23 03:32:31,273.99500000000006
2019-12-23 04:33:02,274.2950000000002
2019-12-23 23:00:00,274.4700000000001
2019-12-24 23:00:00,272.1700000000001
2019-12-26 23:00:00,273.9700000000001
2019-12-27 23:00:00,279.12000000000006
2019-12-30 23:00:00,277.6700000000001
2020-01-02 23:00:00,273.37000000000006
2020-01-03 23:00:00,273.9700000000001
2020-01-06 23:00:00,271.4700000000001
2020-01-07 23:00:00,274.6700000000001
2020-01-08 23:00:00,272.62000000000006
2020-01-09 23:00:00,277.4700000000001
2020-01-10 23:00:00,280.0200000000001
2020-01-13 23:00:00,283.12000000000006
2020-01-14 01:01:05,285.895
2020-01-14 23:00:00,284.4700000000001
2020-01-15 23:00:00,282.6700000000001
2020-01-16 23:00:00,285.62000000000006
2020-01-17 01:20:50,286.5450000000002
2020-01-17 02:21:09,287.0450000000002
2020-01-17 03:21:42,286.5950000000001
2020-01-17 04:22:18,285.7950000000002
2020-01-17 23:00:00,286.12000000000006
2020-01-20 01:20:46,289.1950000000001
2020-01-20 02:21:09,289.99500000000006
2020-01-20 03:21:35,290.1950000000001
2020-01-20 04:22:18,289.49500000000006
2020-01-20 23:00:00,288.8200000000001
2020-01-21 01:19:40,286.74500000000006
2020-01-21 02:20:17,286.8450000000001
2020-01-21 03:21:06,286.6950000000001
2020-01-21 04:21:41,285.8450000000001
2020-01-21 05:23:48,285.4450000000001
2020-01-21 23:00:00,284.4700000000001
2020-01-22 01:04:17,286.145
2020-01-22 02:04:37,286.24500000000006
2020-01-22 03:04:54,287.5450000000002
2020-01-22 04:05:07,287.6950000000001
2020-01-22 05:05:18,287.645
2020-01-22 23:00:00,289.2200000000001
2020-01-23 01:04:21,286.3450000000001
2020-01-23 02:04:34,287.1950000000001
2020-01-23 03:04:41,285.74500000000006
2020-01-23 04:05:02,285.5450000000002
2020-01-23 05:05:10,284.895
2020-01-23 23:00:00,285.2200000000001
2020-01-28 01:04:21,277.49500000000006
2020-01-28 02:04:33,276.2950000000002
2020-01-28 03:04:54,275.2950000000002
2020-01-28 04:05:12,275.24500000000006
2020-01-28 05:05:31,275.6950000000001
2020-01-28 23:00:00,275.4700000000001
2020-01-29 01:04:33,276.1950000000001
2020-01-29 02:04:49,276.6950000000001
2020-01-29 03:04:59,277.4450000000001
2020-01-29 04:05:11,277.895
2020-01-29 05:05:30,278.0950000000001
2020-01-29 23:00:00,276.62000000000006
2020-01-30 01:04:24,274.6950000000001
2020-01-30 02:04:39,274.895
2020-01-30 03:04:53,273.3450000000001
2020-01-30 04:05:09,272.24500000000006
2020-01-30 05:05:29,271.645
2020-01-30 23:00:00,270.4700000000001
2020-01-31 01:01:07,272.9450000000001
2020-01-31 02:01:20,271.3450000000001
2020-01-31 03:01:36,271.895
2020-01-31 04:01:48,271.145
2020-01-31 05:02:00,271.145
2020-01-31 23:00:00,267.37000000000006
2020-02-03 01:01:05,263.49500000000006
2020-02-03 02:01:21,268.4450000000001
2020-02-03 03:01:38,266.3450000000001
2020-02-03 04:01:51,267.49500000000006
2020-02-03 05:02:04,267.0950000000001
2020-02-03 23:00:00,267.6700000000001
2020-02-04 01:21:09,271.0450000000002
2020-02-04 02:21:28,271.645
2020-02-04 03:21:56,271.895
2020-02-04 04:22:28,273.49500000000006
2020-02-04 05:24:39,272.5950000000001
2020-02-04 23:00:00,273.87000000000006
2020-02-05 01:01:05,274.5450000000002
2020-02-05 02:01:19,275.145
2020-02-05 03:01:34,275.145
2020-02-05 04:01:47,275.5950000000001
2020-02-05 05:02:00,275.1950000000001
2020-02-05 23:00:00,274.7700000000001
2020-02-06 01:21:06,279.5950000000001
2020-02-06 02:21:20,279.895
2020-02-06 03:21:57,280.1950000000001
2020-02-06 04:23:00,281.24500000000006
2020-02-06 05:24:05,282.99500000000006
2020-02-06 23:00:00,283.87000000000006
2020-02-07 01:01:08,280.5950000000001
2020-02-07 02:01:23,280.49500000000006
2020-02-07 03:01:36,280.645
2020-02-07 04:01:49,279.895
2020-02-07 05:02:01,279.24500000000006
2020-02-07 23:00:00,280.7700000000001
2020-02-10 01:04:40,276.3450000000001
2020-02-10 02:04:56,278.145
2020-02-10 03:05:08,279.24500000000006
2020-02-10 04:05:19,278.3450000000001
2020-02-10 05:05:39,277.9450000000001
2020-02-10 23:00:00,278.9200000000001
2020-02-11 01:04:31,281.9450000000001
2020-02-11 02:04:45,283.24500000000006
2020-02-11 03:04:56,283.4450000000001
2020-02-11 04:05:09,283.4450000000001
2020-02-11 05:05:39,281.9450000000001
2020-02-11 23:00:00,282.2700000000001
2020-02-12 01:04:31,281.5950000000001
2020-02-12 02:04:49,281.895
2020-02-12 03:05:03,281.9450000000001
2020-02-12 04:05:14,282.9450000000001
2020-02-12 05:05:29,283.8450000000001
2020-02-12 23:00:00,284.3200000000001
2020-02-13 01:04:35,285.4450000000001
2020-02-13 02:04:53,285.74500000000006
2020-02-13 03:05:07,286.5950000000001
2020-02-13 04:05:21,285.5950000000001
2020-02-13 05:05:34,284.145
2020-02-13 23:00:00,282.9200000000001
2020-02-14 01:04:34,284.395
2020-02-14 02:04:51,285.2950000000002
2020-02-14 03:05:04,286.645
2020-02-14 04:05:15,285.5950000000001
2020-02-14 05:05:30,285.9450000000001
2020-02-14 23:00:00,285.7200000000001
2020-02-17 01:01:06,284.0950000000001
2020-02-17 02:01:21,286.24500000000006
2020-02-17 03:01:35,285.74500000000006
2020-02-17 04:01:50,285.395
2020-02-17 05:02:03,285.24500000000006
2020-02-17 23:00:00,285.24500000000006
2020-02-18 23:00:00,285.24500000000006
2020-02-19 23:00:00,285.24500000000006
2020-02-20 23:00:00,285.24500000000006
2020-02-21 23:00:00,285.24500000000006
2020-02-24 01:14:59,266.7950000000002
2020-02-24 02:16:28,265.645
2020-02-24 03:17:47,265.0450000000002
2020-02-24 04:19:01,265.99500000000006
2020-02-24 05:20:13,265.5950000000001
2020-02-24 23:00:00,263.62000000000006
2020-02-25 01:05:10,264.74500000000006
2020-02-25 02:05:30,265.1950000000001
2020-02-25 03:05:48,264.895
2020-02-25 04:06:01,265.145
2020-02-25 05:06:14,266.4450000000001
2020-02-25 23:00:00,267.1700000000001
2020-02-26 01:20:28,267.1700000000001
2020-02-26 02:21:06,267.1700000000001
2020-02-26 03:21:57,267.1700000000001
2020-02-26 04:22:26,267.1700000000001
2020-02-26 05:25:48,267.1700000000001
2020-02-26 23:00:00,262.4700000000001
2020-02-27 01:01:05,262.4700000000001
2020-02-27 02:01:28,262.4700000000001
2020-02-27 03:01:42,262.4700000000001
2020-02-27 04:01:54,262.4700000000001
2020-02-27 05:02:08,262.4700000000001
2020-02-27 23:00:00,260.2200000000001
2020-02-28 01:04:22,260.2200000000001
2020-02-28 02:04:38,260.2200000000001
2020-02-28 03:04:50,260.2200000000001
2020-02-28 04:05:08,260.2200000000001
2020-02-28 05:05:24,260.2200000000001
2020-02-28 23:00:00,251.0200000000001
2020-03-02 23:00:00,253.37000000000006
2020-03-03 01:04:20,253.37000000000006
2020-03-03 02:04:38,253.37000000000006
2020-03-03 03:04:50,253.37000000000006
2020-03-03 04:05:03,253.37000000000006
2020-03-03 05:05:22,253.37000000000006
2020-03-03 23:00:00,254.7700000000001
2020-03-04 01:20:56,254.7700000000001
2020-03-04 02:21:16,254.7700000000001
2020-03-04 03:21:52,254.7700000000001
2020-03-04 04:22:27,254.7700000000001
2020-03-04 05:25:29,254.7700000000001
2020-03-04 23:00:00,260.7200000000001
2020-03-05 01:08:22,260.7200000000001
2020-03-05 02:08:40,260.7200000000001
2020-03-05 03:08:53,260.7200000000001
2020-03-05 04:09:07,260.7200000000001
2020-03-05 05:11:52,260.7200000000001
2020-03-05 23:00:00,263.7200000000001
2020-03-06 01:21:08,263.7200000000001
2020-03-06 02:21:46,263.7200000000001
2020-03-06 03:22:23,263.7200000000001
2020-03-06 04:22:46,263.7200000000001
2020-03-06 05:25:23,263.7200000000001
2020-03-06 23:00:00,257.2700000000001
2020-03-09 23:00:00,244.8200000000001
2020-03-10 01:26:11,244.8200000000001
2020-03-10 02:26:30,244.8200000000001
2020-03-10 03:26:42,244.8200000000001
2020-03-10 04:26:53,244.8200000000001
2020-03-10 23:00:00,247.47000000000008
2020-03-11 01:04:25,247.47000000000008
2020-03-11 02:04:41,247.47000000000008
2020-03-11 03:04:54,247.47000000000008
2020-03-11 04:05:11,247.47000000000008
2020-03-11 05:05:28,247.47000000000008
2020-03-11 23:00:00,239.37000000000006
2020-03-12 01:04:36,236.29500000000004
2020-03-12 02:04:50,228.34500000000003
2020-03-12 03:05:03,228.64500000000004
2020-03-12 04:05:18,226.69500000000005
2020-03-12 05:05:36,231.84500000000003
2020-03-12 23:00:00,226.82000000000005
2020-03-13 01:01:06,215.77000000000004
2020-03-13 02:01:19,211.19500000000005
2020-03-13 03:01:34,213.64500000000004
2020-03-13 04:01:48,212.29500000000004
2020-03-13 23:00:00,224.77000000000004
2020-03-16 23:00:00,212.57000000000005
2020-03-17 01:05:14,210.09500000000003
2020-03-17 02:05:29,210.52000000000004
2020-03-17 03:05:42,210.49500000000003
2020-03-17 04:05:54,211.94500000000005
2020-03-17 05:06:09,211.54500000000004
2020-03-17 23:00:00,207.42000000000004
2020-03-18 01:04:45,207.99500000000003
2020-03-18 02:05:15,207.49500000000003
2020-03-18 03:05:59,209.44500000000005
2020-03-18 04:06:30,208.44500000000005
2020-03-18 05:06:47,207.99500000000003
2020-03-18 23:00:00,194.62000000000003
2020-03-19 01:04:55,191.64500000000004
2020-03-19 02:05:23,186.49500000000003
2020-03-19 03:06:05,181.74500000000003
2020-03-19 04:06:37,179.74500000000003
2020-03-19 05:07:03,181.24500000000003
2020-03-19 23:00:00,180.52000000000004
2020-03-20 01:18:24,183.14500000000004
2020-03-20 02:18:47,188.34500000000003
2020-03-20 03:19:26,189.29500000000004
2020-03-20 04:20:18,188.79500000000004
2020-03-20 05:21:32,191.64500000000004
2020-03-20 23:00:00,197.72000000000003
2020-03-23 23:00:00,182.42000000000004
2020-03-24 01:04:21,190.64500000000004
2020-03-24 02:04:39,195.62000000000003
2020-03-24 03:04:52,197.59500000000003
2020-03-24 04:05:19,194.52000000000004
2020-03-24 05:05:37,196.69500000000005
2020-03-24 23:00:00,202.97000000000003
2020-03-25 23:00:00,215.52000000000004
2020-03-26 01:02:51,216.74500000000003
2020-03-26 02:03:10,214.24500000000003
2020-03-26 03:03:22,213.59500000000003
2020-03-26 04:03:35,214.74500000000003
2020-03-26 23:00:00,210.62000000000003
2020-03-27 01:21:08,217.79500000000004
2020-03-27 02:21:40,214.44500000000005
2020-03-27 03:22:15,212.79500000000004
2020-03-27 04:22:48,215.49500000000003
2020-03-27 05:24:01,212.19500000000005
2020-03-27 23:00:00,216.57000000000005
2020-03-30 23:00:00,213.32000000000005
2020-03-31 01:21:09,217.14500000000004
2020-03-31 02:21:26,218.29500000000004
2020-03-31 03:21:55,217.22000000000003
2020-03-31 04:22:43,218.19500000000005
2020-03-31 05:24:15,217.14500000000004
2020-03-31 23:00:00,219.02000000000004
2020-04-01 02:03:47,218.69500000000005
2020-04-01 03:04:01,217.89500000000004
2020-04-01 04:04:14,218.59500000000003
2020-04-01 05:04:26,217.99500000000003
2020-04-01 23:00:00,208.17000000000004
2020-04-02 02:05:49,208.09500000000003
2020-04-02 03:06:01,208.34500000000003
2020-04-02 04:06:13,210.29500000000004
2020-04-02 05:06:24,212.69500000000005
2020-04-02 23:00:00,214.67000000000004
2020-04-03 02:01:46,215.09500000000003
2020-04-03 03:02:00,214.39500000000004
2020-04-03 04:02:11,214.89500000000004
2020-04-03 05:02:23,213.49500000000003
2020-04-03 23:00:00,214.42000000000004
2020-04-04 23:00:00,213.07000000000005
2020-04-07 23:00:00,224.47000000000003
2020-04-08 23:00:00,224.52000000000004
2020-04-09 01:19:47,228.59500000000003
2020-04-09 02:20:06,227.59500000000003
2020-04-09 03:20:18,225.94500000000005
2020-04-09 04:20:53,225.99500000000003
2020-04-09 05:22:22,227.44500000000005
2020-04-09 23:00:00,228.07000000000005
2020-04-10 23:00:00,230.12000000000003
2020-04-13 23:00:00,225.02000000000004
2020-04-14 23:00:00,229.82000000000005
2020-04-16 01:21:45,228.04500000000004
2020-04-16 02:22:00,227.49500000000003
2020-04-16 03:22:41,227.84500000000003
2020-04-16 04:23:29,227.94500000000005
2020-04-16 05:24:44,228.84500000000003
2020-04-16 23:00:00,230.22000000000003
2020-04-17 01:21:12,235.29500000000004
2020-04-17 02:21:34,236.89500000000004
2020-04-17 03:22:03,238.84500000000003
2020-04-17 04:22:27,238.49500000000003
2020-04-17 05:25:53,237.39500000000004
2020-04-17 23:00:00,237.77000000000004
2020-04-20 23:00:00,234.22000000000003
2020-04-21 02:01:47,232.29500000000004
2020-04-21 03:02:01,232.69500000000005
2020-04-21 04:02:15,227.69500000000005
2020-04-21 05:02:27,229.49500000000003
2020-04-21 23:00:00,231.42000000000004
2020-04-22 01:23:20,228.54500000000004
2020-04-22 02:23:40,227.24500000000003
2020-04-22 03:24:31,227.49500000000003
2020-04-22 04:25:11,229.29500000000004
2020-04-22 05:26:03,229.24500000000003
2020-04-22 23:00:00,229.24500000000003
2020-04-23 01:26:41,234.72000000000003
2020-04-23 02:27:27,236.94500000000005
2020-04-23 03:28:41,235.44500000000005
2020-04-23 04:29:32,234.34500000000003
2020-04-23 23:00:00,234.42000000000004
2020-04-24 01:26:29,234.19500000000005
2020-04-24 02:27:22,234.24500000000003
2020-04-24 03:28:02,233.89500000000004
2020-04-24 04:28:19,234.42000000000004
2020-04-24 05:28:30,233.69500000000005
2020-04-24 23:00:00,231.97000000000003
2020-04-27 01:21:17,233.44500000000005
2020-04-27 02:21:35,234.74500000000003
2020-04-27 03:22:11,236.49500000000003
2020-04-27 04:22:42,236.74500000000003
2020-04-27 05:24:25,236.99500000000003
2020-04-27 23:00:00,236.99500000000003
2020-04-28 01:20:37,237.84500000000003
2020-04-28 02:20:52,238.49500000000003
2020-04-28 03:21:07,236.09500000000003
2020-04-28 04:21:22,237.54500000000004
2020-04-28 05:24:27,237.34500000000003
2020-04-28 23:00:00,239.02000000000004
2020-04-29 02:06:38,239.59500000000008
2020-04-29 03:06:50,241.74500000000006
2020-04-29 04:07:05,241.39500000000004
2020-04-29 05:07:17,240.49500000000006
2020-04-29 23:00:00,241.12000000000006
2020-05-04 23:00:00,232.62000000000003
2020-05-06 01:21:49,236.49500000000003
2020-05-06 02:22:14,233.69500000000005
2020-05-06 03:22:59,234.64500000000004
2020-05-06 04:23:51,235.14500000000004
2020-05-06 05:25:31,235.14500000000004
2020-05-06 23:00:00,238.22000000000003
2020-05-07 01:21:02,236.24500000000003
2020-05-07 02:21:47,236.69500000000005
2020-05-07 03:22:18,236.24500000000003
2020-05-07 04:23:11,237.89500000000004
2020-05-07 05:24:55,237.84500000000003
2020-05-07 23:00:00,236.57000000000005
2020-05-08 02:03:02,240.445
2020-05-08 03:03:16,240.09500000000008
2020-05-08 04:03:31,240.64500000000004
2020-05-08 05:03:44,239.99500000000006
2020-05-08 23:00:00,239.42000000000002
2020-05-11 23:00:00,237.27000000000004
2020-05-12 02:06:54,234.24500000000003
2020-05-12 03:07:06,234.14500000000004
2020-05-12 04:07:18,235.09500000000003
2020-05-12 05:07:31,234.69500000000005
2020-05-12 23:00:00,235.82000000000005
2020-05-13 02:01:46,233.79500000000004
2020-05-13 03:01:58,234.69500000000005
2020-05-13 04:02:14,236.04500000000004
2020-05-13 05:02:24,235.89500000000004
2020-05-13 23:00:00,238.67000000000004
2020-05-14 01:21:53,235.59500000000003
2020-05-14 02:22:15,236.29500000000004
2020-05-14 03:23:02,235.19500000000005
2020-05-14 04:23:37,235.54500000000004
2020-05-14 05:25:11,235.09500000000003
2020-05-14 23:00:00,235.37000000000003
2020-05-15 01:04:31,237.14500000000004
2020-05-15 02:04:47,235.44500000000005
2020-05-15 03:05:07,235.29500000000004
2020-05-15 04:05:19,235.94500000000005
2020-05-15 05:05:51,236.44500000000005
2020-05-15 23:00:00,236.62000000000003
2020-05-18 23:00:00,238.97000000000003
2020-05-19 23:00:00,244.97000000000003
2020-05-20 02:01:48,244.79500000000002
2020-05-20 03:02:00,245.34500000000008
2020-05-20 04:02:13,245.54500000000002
2020-05-20 05:02:27,244.97000000000003
2020-05-20 23:00:00,245.17000000000002
2020-05-21 02:05:49,247.09500000000008
2020-05-21 03:06:02,246.64500000000004
2020-05-21 04:06:15,246.59500000000008
2020-05-21 05:06:26,246.49500000000006
2020-05-21 23:00:00,246.57000000000005
2020-05-22 02:05:50,245.24500000000006
2020-05-22 03:06:04,243.99500000000006
2020-05-22 04:06:18,243.54500000000002
2020-05-22 05:06:32,241.74500000000006
2020-05-22 23:00:00,241.82000000000005
2020-05-25 23:00:00,246.02000000000004
2020-05-26 23:00:00,249.67000000000002
2020-05-27 01:00:00,250.87000000000006
2020-05-27 02:00:00,250.67000000000002
2020-05-27 03:00:00,250.62000000000006
2020-05-27 04:00:00,250.57000000000005
2020-05-27 05:00:00,250.82000000000005
2020-05-27 06:00:00,250.17000000000002
2020-05-27 07:00:00,250.47000000000003
2020-05-28 01:00:00,253.52000000000004
2020-05-28 02:00:00,253.42000000000002
2020-05-28 03:00:00,252.42000000000002
2020-05-28 04:00:00,249.32000000000005
2020-05-28 05:00:00,250.07000000000005
2020-05-28 06:00:00,251.27000000000004
2020-05-28 07:00:00,251.27000000000004
2020-05-29 01:00:00,249.07000000000005
2020-05-29 02:00:00,249.92000000000002
2020-05-29 03:00:00,250.77000000000004
2020-05-29 04:00:00,249.72000000000003
2020-05-29 05:00:00,250.52000000000004
2020-05-29 06:00:00,251.37000000000006
2020-05-29 07:00:00,250.27000000000004
2020-06-01 01:00:00,253.77000000000004
2020-06-01 02:00:00,255.07000000000005
2020-06-01 03:00:00,255.47000000000003
2020-06-01 04:00:00,254.67000000000002
2020-06-01 05:00:00,255.57000000000005
2020-06-01 06:00:00,255.77000000000004
2020-06-01 07:00:00,256.22
2020-06-02 01:00:00,257.67
2020-06-02 02:00:00,257.47
2020-06-02 03:00:00,258.22
2020-06-02 04:00:00,258.37000000000006
2020-06-02 05:00:00,258.02000000000004
2020-06-02 06:00:00,258.97
2020-06-02 07:00:00,258.92
2020-06-03 01:00:00,265.72
2020-06-03 02:00:00,267.47
2020-06-03 03:00:00,267.42
2020-06-03 04:00:00,268.07000000000005
2020-06-03 05:00:00,269.72
2020-06-03 06:00:00,269.77000000000004
2020-06-03 07:00:00,269.12000000000006
2020-06-04 01:00:00,272.92
2020-06-04 02:00:00,272.32000000000005
2020-06-04 03:00:00,268.87000000000006
2020-06-04 04:00:00,269.87000000000006
2020-06-04 05:00:00,269.77000000000004
2020-06-04 06:00:00,269.72
2020-06-04 07:00:00,269.67
2020-06-05 01:00:00,270.12000000000006
2020-06-05 02:00:00,270.92
2020-06-05 03:00:00,271.22
2020-06-05 04:00:00,272.32000000000005
2020-06-05 05:00:00,273.42
2020-06-05 06:00:00,274.12000000000006
2020-06-05 07:00:00,274.37000000000006
2020-06-05 23:00:00,274.57000000000005
2020-06-08 01:00:00,275.27000000000004
2020-06-08 02:00:00,273.77000000000004
2020-06-08 03:00:00,274.27000000000004
2020-06-08 04:00:00,273.67
2020-06-08 05:00:00,273.87000000000006
2020-06-08 06:00:00,274.17
2020-06-08 07:00:00,273.77000000000004
2020-06-09 01:00:00,275.22
2020-06-09 02:00:00,274.22
2020-06-09 03:00:00,273.47
2020-06-09 04:00:00,272.42
2020-06-09 05:00:00,271.57000000000005
2020-06-09 06:00:00,273.52000000000004
2020-06-09 07:00:00,274.12000000000006
2020-06-10 01:00:00,274.32000000000005
2020-06-10 02:00:00,275.37000000000006
2020-06-10 03:00:00,275.02000000000004
2020-06-10 04:00:00,274.57000000000005
2020-06-10 05:00:00,274.17
2020-06-10 06:00:00,274.97
2020-06-10 07:00:00,274.87000000000006
2020-06-11 01:00:00,273.57000000000005
2020-06-11 02:00:00,274.2700000000001
2020-06-11 03:00:00,273.2200000000001
2020-06-11 04:00:00,271.32000000000005
2020-06-11 05:00:00,270.37000000000006
2020-06-11 06:00:00,267.9700000000001
2020-06-11 07:00:00,270.0200000000001
2020-06-12 01:00:00,261.4700000000001
2020-06-12 02:00:00,263.82000000000005
2020-06-12 03:00:00,263.9200000000001
2020-06-12 04:00:00,264.2200000000001
2020-06-12 05:00:00,264.0200000000001
2020-06-12 06:00:00,264.32000000000005
2020-06-12 07:00:00,263.7200000000001
2020-06-12 23:00:00,262.07000000000005
2020-06-15 01:00:00,260.37000000000006
2020-06-15 02:00:00,262.9200000000001
2020-06-15 03:00:00,261.7200000000001
2020-06-15 04:00:00,262.07000000000005
2020-06-15 05:00:00,259.4200000000001
2020-06-15 06:00:00,253.87000000000006
2020-06-15 07:00:00,250.0200000000001
2020-06-16 01:00:00,259.82000000000005
2020-06-16 02:00:00,261.6700000000001
2020-06-16 03:00:00,264.07000000000005
2020-06-16 04:00:00,262.5200000000001
2020-06-16 05:00:00,262.62000000000006
2020-06-16 06:00:00,264.2700000000001
2020-06-16 07:00:00,264.9200000000001
2020-06-17 01:00:00,266.5200000000001
2020-06-17 02:00:00,264.6700000000001
2020-06-17 03:00:00,263.4200000000001
2020-06-17 04:00:00,264.2200000000001
2020-06-17 05:00:00,265.0200000000001
2020-06-17 06:00:00,264.62000000000006
2020-06-17 07:00:00,265.5200000000001
2020-06-18 01:00:00,264.5200000000001
2020-06-18 02:00:00,263.9200000000001
2020-06-18 03:00:00,263.7700000000001
2020-06-18 04:00:00,265.12000000000006
2020-06-18 05:00:00,265.4700000000001
2020-06-18 06:00:00,264.32000000000005
2020-06-18 07:00:00,265.4200000000001
2020-06-19 01:00:00,262.5200000000001
2020-06-19 02:00:00,262.5200000000001
2020-06-19 03:00:00,263.6700000000001
2020-06-19 04:00:00,264.2200000000001
2020-06-19 05:00:00,264.07000000000005
2020-06-19 06:00:00,265.0200000000001
2020-06-19 07:00:00,265.9700000000001
2020-06-22 01:00:00,264.7700000000001
2020-06-22 02:00:00,264.87000000000006
2020-06-22 03:00:00,265.7200000000001
2020-06-22 04:00:00,265.87000000000006
2020-06-22 05:00:00,264.82000000000005
2020-06-22 06:00:00,265.07000000000005
2020-06-22 07:00:00,263.82000000000005
2020-06-23 01:00:00,267.4200000000001
2020-06-23 02:00:00,264.4200000000001
2020-06-23 03:00:00,266.37000000000006
2020-06-23 04:00:00,265.4700000000001
2020-06-23 05:00:00,265.2200000000001
2020-06-23 06:00:00,264.82000000000005
2020-06-23 07:00:00,264.7200000000001
2020-06-24 01:00:00,270.1700000000001
2020-06-24 02:00:00,269.2700000000001
2020-06-24 03:00:00,269.4200000000001
2020-06-24 04:00:00,269.62000000000006
2020-06-24 05:00:00,270.4700000000001
2020-06-24 06:00:00,270.07000000000005
2020-06-24 07:00:00,269.4700000000001
2020-06-25 01:00:00,265.9700000000001
2020-06-25 02:00:00,263.82000000000005
2020-06-25 03:00:00,263.9200000000001
2020-06-25 04:00:00,263.7200000000001
2020-06-25 05:00:00,262.9700000000001
2020-06-25 06:00:00,263.2700000000001
2020-06-25 07:00:00,261.57000000000005
2020-06-26 01:00:00,264.62000000000006
2020-06-26 02:00:00,265.2200000000001
2020-06-26 03:00:00,265.12000000000006
2020-06-26 04:00:00,265.7700000000001
2020-06-26 05:00:00,266.07000000000005
2020-06-26 06:00:00,265.82000000000005
2020-06-26 07:00:00,265.6700000000001
2020-06-29 01:00:00,263.7700000000001
2020-06-29 02:00:00,263.87000000000006
2020-06-29 03:00:00,262.32000000000005
2020-06-29 04:00:00,261.6700000000001
2020-06-29 05:00:00,260.57000000000005
2020-06-29 06:00:00,260.37000000000006
2020-06-29 07:00:00,261.37000000000006
2020-06-30 01:00:00,264.4700000000001
2020-06-30 02:00:00,265.37000000000006
2020-06-30 03:00:00,265.37000000000006
2020-06-30 04:00:00,266.07000000000005
2020-06-30 05:00:00,266.7200000000001
2020-06-30 06:00:00,263.9200000000001
2020-06-30 07:00:00,263.62000000000006
2020-07-01 01:00:00,266.07000000000005
2020-07-01 02:00:00,266.4200000000001
2020-07-01 03:00:00,265.57000000000005
2020-07-01 04:00:00,265.9700000000001
2020-07-01 05:00:00,264.7700000000001
2020-07-01 06:00:00,263.9700000000001
2020-07-01 07:00:00,263.62000000000006
2020-07-02 01:00:00,265.4200000000001
2020-07-02 02:00:00,265.12000000000006
2020-07-02 03:00:00,266.12000000000006
2020-07-02 04:00:00,265.62000000000006
2020-07-02 05:00:00,265.87000000000006
2020-07-02 06:00:00,266.2700000000001
2020-07-02 07:00:00,266.4200000000001
2020-07-03 01:00:00,267.9200000000001
2020-07-03 02:00:00,268.37000000000006
2020-07-03 03:00:00,268.57000000000005
2020-07-03 04:00:00,268.7700000000001
2020-07-03 05:00:00,268.2200000000001
2020-07-03 06:00:00,269.1700000000001
2020-07-03 07:00:00,269.7200000000001
2020-07-06 01:00:00,271.12000000000006
2020-07-06 02:00:00,272.9200000000001
2020-07-06 03:00:00,273.62000000000006
2020-07-06 04:00:00,274.4700000000001
2020-07-06 05:00:00,274.37000000000006
2020-07-06 06:00:00,274.5200000000001
2020-07-06 07:00:00,274.12000000000006
2020-07-07 01:00:00,275.1700000000001
2020-07-07 02:00:00,272.32000000000005
2020-07-07 03:00:00,272.62000000000006
2020-07-07 04:00:00,273.12000000000006
2020-07-07 05:00:00,271.7200000000001
2020-07-07 06:00:00,271.37000000000006
2020-07-07 07:00:00,270.7200000000001
2020-07-08 01:00:00,270.57000000000005
2020-07-08 02:00:00,269.57000000000005
2020-07-08 03:00:00,270.7200000000001
2020-07-08 04:00:00,270.1700000000001
2020-07-08 05:00:00,269.5200000000001
2020-07-08 06:00:00,270.1700000000001
2020-07-08 07:00:00,269.9700000000001
2020-07-09 01:00:00,272.2700000000001
2020-07-09 02:00:00,271.5200000000001
2020-07-09 03:00:00,271.7700000000001
2020-07-09 04:00:00,272.2700000000001
2020-07-09 05:00:00,272.7200000000001
2020-07-09 06:00:00,271.62000000000006
2020-07-09 07:00:00,271.2200000000001
2020-07-10 01:00:00,269.12000000000006
2020-07-10 02:00:00,269.57000000000005
2020-07-10 03:00:00,268.7200000000001
2020-07-10 04:00:00,268.9700000000001
2020-07-10 05:00:00,267.9700000000001
2020-07-10 06:00:00,267.87000000000006
2020-07-10 07:00:00,268.0200000000001
2020-07-13 01:00:00,272.1700000000001
2020-07-13 02:00:00,272.07000000000005
2020-07-13 03:00:00,272.4200000000001
2020-07-13 04:00:00,273.0200000000001
2020-07-13 05:00:00,273.4200000000001
2020-07-13 06:00:00,273.62000000000006
2020-07-13 07:00:00,273.6700000000001
2020-07-14 01:00:00,271.7200000000001
2020-07-14 02:00:00,272.32000000000005
2020-07-14 03:00:00,271.7200000000001
2020-07-14 04:00:00,271.57000000000005
2020-07-14 05:00:00,271.37000000000006
2020-07-14 06:00:00,271.6700000000001
2020-07-14 07:00:00,273.37000000000006
2020-07-15 01:00:00,276.4700000000001
2020-07-15 02:00:00,276.5200000000001
2020-07-15 03:00:00,275.87000000000006
2020-07-15 04:00:00,275.07000000000005
2020-07-15 05:00:00,276.32000000000005
2020-07-15 06:00:00,276.12000000000006
2020-07-15 07:00:00,276.1700000000001
2020-07-16 01:00:00,275.62000000000006
2020-07-16 02:00:00,275.4200000000001
2020-07-16 03:00:00,273.4200000000001
2020-07-16 04:00:00,273.7200000000001
2020-07-16 05:00:00,273.1700000000001
2020-07-16 06:00:00,273.5200000000001
2020-07-16 07:00:00,272.7700000000001
2020-07-17 01:00:00,275.4200000000001
2020-07-17 02:00:00,275.0200000000001
2020-07-17 03:00:00,275.37000000000006
2020-07-17 04:00:00,275.37000000000006
2020-07-17 05:00:00,274.7700000000001
2020-07-17 06:00:00,275.12000000000006
2020-07-17 07:00:00,275.4200000000001
2020-07-20 01:00:00,274.7700000000001
2020-07-20 02:00:00,273.07000000000005
2020-07-20 03:00:00,274.07000000000005
2020-07-20 04:00:00,274.9700000000001
2020-07-20 05:00:00,274.9700000000001
2020-07-20 06:00:00,274.9200000000001
2020-07-20 07:00:00,274.62000000000006
2020-07-21 01:00:00,278.0200000000001
2020-07-21 02:00:00,278.6700000000001
2020-07-21 03:00:00,279.07000000000005
2020-07-21 04:00:00,279.5200000000001
2020-07-21 05:00:00,279.87000000000006
2020-07-21 06:00:00,278.9200000000001
2020-07-21 07:00:00,278.82000000000005
2020-07-22 01:00:00,277.9200000000001
2020-07-22 02:00:00,278.87000000000006
2020-07-22 03:00:00,279.7200000000001
2020-07-22 04:00:00,278.7200000000001
2020-07-22 05:00:00,277.82000000000005
2020-07-22 06:00:00,278.12000000000006
2020-07-22 07:00:00,278.0200000000001
2020-07-23 01:00:00,275.62000000000006
2020-07-23 02:00:00,275.9200000000001
2020-07-23 03:00:00,274.1700000000001
2020-07-23 04:00:00,274.9200000000001
2020-07-23 05:00:00,275.2200000000001
2020-07-23 06:00:00,275.2700000000001
2020-07-23 07:00:00,275.57000000000005
2020-07-24 01:00:00,276.0200000000001
2020-07-24 02:00:00,275.87000000000006
2020-07-24 03:00:00,275.87000000000006
2020-07-24 04:00:00,274.12000000000006
2020-07-24 05:00:00,273.6700000000001
2020-07-24 06:00:00,273.9700000000001
2020-07-24 07:00:00,274.2700000000001
2020-07-27 01:00:00,277.32000000000005
2020-07-27 02:00:00,278.57000000000005
2020-07-27 03:00:00,278.32000000000005
2020-07-27 04:00:00,278.1700000000001
2020-07-27 05:00:00,277.12000000000006
2020-07-27 06:00:00,277.0200000000001
2020-07-27 07:00:00,277.4700000000001
2020-07-28 01:00:00,282.9700000000001
2020-07-28 02:00:00,283.5200000000001
2020-07-28 03:00:00,283.32000000000005
2020-07-28 04:00:00,281.9700000000001
2020-07-28 05:00:00,282.62000000000006
2020-07-28 06:00:00,282.87000000000006
2020-07-28 07:00:00,283.0200000000001
2020-07-29 01:00:00,286.4200000000001
2020-07-29 02:00:00,284.9200000000001
2020-07-29 03:00:00,285.0200000000001
2020-07-29 04:00:00,285.0200000000001
2020-07-29 05:00:00,283.5200000000001
2020-07-29 06:00:00,285.0200000000001
2020-07-29 07:00:00,284.9200000000001
2020-07-30 01:00:00,286.7700000000001
2020-07-30 02:00:00,285.7700000000001
2020-07-30 03:00:00,285.87000000000006
2020-07-30 04:00:00,286.1700000000001
2020-07-30 05:00:00,286.2200000000001
2020-07-30 06:00:00,286.07000000000005
2020-07-30 07:00:00,285.57000000000005
2020-07-31 01:00:00,284.2200000000001
2020-07-31 02:00:00,285.9200000000001
2020-07-31 03:00:00,283.82000000000005
2020-07-31 04:00:00,284.7200000000001
2020-07-31 05:00:00,284.7700000000001
2020-07-31 06:00:00,282.6700000000001
2020-07-31 07:00:00,283.2700000000001
2020-08-03 01:00:00,281.9200000000001
2020-08-03 02:00:00,283.1700000000001
2020-08-03 03:00:00,282.2700000000001
2020-08-03 04:00:00,282.2700000000001
2020-08-03 05:00:00,282.5200000000001
2020-08-03 06:00:00,282.9200000000001
2020-08-03 07:00:00,282.7700000000001
2020-08-04 01:00:00,287.12000000000006
2020-08-04 02:00:00,286.4700000000001
2020-08-04 03:00:00,286.5200000000001
2020-08-04 04:00:00,285.62000000000006
2020-08-04 05:00:00,285.62000000000006
2020-08-04 06:00:00,286.2200000000001
2020-08-04 07:00:00,286.37000000000006
2020-08-05 01:00:00,287.82000000000005
2020-08-05 02:00:00,287.07000000000005
2020-08-05 03:00:00,288.6700000000001
2020-08-05 04:00:00,289.5200000000001
2020-08-05 05:00:00,289.0200000000001
2020-08-05 06:00:00,289.4700000000001
2020-08-05 07:00:00,290.2700000000001
2020-08-06 01:00:00,295.4700000000001
2020-08-06 02:00:00,294.6700000000001
2020-08-06 03:00:00,292.6700000000001
2020-08-06 04:00:00,293.82000000000005
2020-08-06 05:00:00,294.37000000000006
2020-08-06 06:00:00,294.07000000000005
2020-08-06 07:00:00,295.12000000000006
2020-08-07 01:00:00,296.82000000000005
2020-08-07 02:00:00,296.0200000000001
2020-08-07 03:00:00,293.7700000000001
2020-08-07 04:00:00,294.37000000000006
2020-08-07 05:00:00,294.62000000000006
2020-08-07 06:00:00,296.12000000000006
2020-08-07 07:00:00,295.62000000000006
2020-08-10 01:00:00,297.2200000000001
2020-08-10 02:00:00,297.6700000000001
2020-08-10 03:00:00,298.5200000000001
2020-08-10 04:00:00,299.62000000000006
2020-08-10 05:00:00,300.1700000000001
2020-08-10 06:00:00,300.07000000000005
2020-08-10 07:00:00,300.6700000000001
2020-08-11 01:00:00,302.37000000000006
2020-08-11 02:00:00,304.37000000000006
2020-08-11 03:00:00,305.12000000000006
2020-08-11 04:00:00,305.37000000000006
2020-08-11 05:00:00,304.9200000000001
2020-08-11 06:00:00,305.1700000000001
2020-08-11 07:00:00,304.62000000000006
2020-08-12 01:00:00,301.5200000000001
2020-08-12 02:00:00,304.12000000000006
2020-08-12 03:00:00,304.2200000000001
2020-08-12 04:00:00,303.9700000000001
2020-08-12 05:00:00,303.7200000000001
2020-08-12 06:00:00,304.32000000000005
2020-08-12 07:00:00,306.32000000000005
2020-08-13 01:00:00,307.82000000000005
2020-08-13 02:00:00,308.07000000000005
2020-08-13 03:00:00,309.37000000000006
2020-08-13 04:00:00,309.1700000000001
2020-08-13 05:00:00,308.7200000000001
2020-08-13 06:00:00,306.7700000000001
2020-08-13 07:00:00,306.82000000000005
2020-08-14 01:00:00,302.2200000000001
2020-08-14 02:00:00,302.9700000000001
2020-08-14 03:00:00,302.6700000000001
2020-08-14 04:00:00,302.2700000000001
2020-08-14 05:00:00,302.87000000000006
2020-08-14 06:00:00,302.7700000000001
2020-08-14 07:00:00,302.37000000000006
2020-08-18 01:00:00,304.4700000000001
2020-08-18 02:00:00,303.37000000000006
2020-08-18 03:00:00,302.2200000000001
2020-08-18 04:00:00,303.6700000000001
2020-08-18 05:00:00,302.7700000000001
2020-08-18 06:00:00,297.37000000000006
2020-08-18 07:00:00,296.7200000000001
2020-08-19 01:00:00,298.2700000000001
2020-08-19 02:00:00,297.2200000000001
2020-08-19 03:00:00,297.9200000000001
2020-08-19 04:00:00,298.87000000000006
2020-08-19 05:00:00,297.62000000000006
2020-08-19 06:00:00,297.82000000000005
2020-08-19 07:00:00,297.1700000000001
2020-08-20 01:00:00,293.82000000000005
2020-08-20 02:00:00,290.0200000000001
2020-08-20 03:00:00,288.57000000000005
2020-08-20 04:00:00,287.87000000000006
2020-08-20 05:00:00,286.62000000000006
2020-08-20 06:00:00,285.12000000000006
2020-08-20 07:00:00,285.2700000000001
2020-08-21 01:00:00,289.62000000000006
2020-08-21 02:00:00,288.2200000000001
2020-08-21 03:00:00,289.87000000000006
2020-08-21 04:00:00,291.57000000000005
2020-08-21 05:00:00,292.9700000000001
2020-08-21 06:00:00,290.1700000000001
2020-08-21 07:00:00,290.4700000000001
2020-08-24 01:00:00,290.6700000000001
2020-08-24 02:00:00,292.0200000000001
2020-08-24 03:00:00,292.57000000000005
2020-08-24 04:00:00,292.32000000000005
2020-08-24 05:00:00,292.0200000000001
2020-08-24 06:00:00,292.32000000000005
2020-08-24 07:00:00,293.37000000000006
2020-08-25 01:00:00,295.6700000000001
2020-08-25 02:00:00,296.07000000000005
2020-08-25 03:00:00,297.2200000000001
2020-08-25 04:00:00,297.07000000000005
2020-08-25 05:00:00,296.62000000000006
2020-08-25 06:00:00,297.12000000000006
2020-08-25 07:00:00,297.4200000000001
2020-08-26 01:00:00,295.7700000000001
2020-08-26 02:00:00,294.7200000000001
2020-08-26 03:00:00,295.4200000000001
2020-08-26 04:00:00,296.4200000000001
2020-08-26 05:00:00,296.9200000000001
2020-08-26 06:00:00,297.5200000000001
2020-08-26 07:00:00,297.5200000000001
2020-08-27 01:00:00,297.6700000000001
2020-08-27 02:00:00,295.87000000000006
2020-08-27 03:00:00,296.2200000000001
2020-08-27 04:00:00,296.7200000000001
2020-08-27 05:00:00,295.5200000000001
2020-08-27 06:00:00,296.1700000000001
2020-08-27 07:00:00,294.62000000000006
2020-08-28 01:00:00,296.57000000000005
2020-08-28 02:00:00,297.5200000000001
2020-08-28 03:00:00,298.87000000000006
2020-08-28 04:00:00,298.32000000000005
2020-08-28 05:00:00,296.5200000000001
2020-08-28 06:00:00,295.9700000000001
2020-08-28 07:00:00,296.57000000000005
2020-08-31 01:00:00,297.57000000000005
2020-08-31 02:00:00,295.82000000000005
2020-08-31 03:00:00,295.9700000000001
2020-08-31 04:00:00,294.4700000000001
2020-08-31 05:00:00,291.7700000000001
2020-08-31 06:00:00,294.07000000000005
2020-08-31 07:00:00,290.5200000000001
2020-09-01 01:00:00,294.07000000000005
2020-09-01 02:00:00,293.2200000000001
2020-09-01 03:00:00,293.7700000000001
2020-09-01 04:00:00,293.0200000000001
2020-09-01 05:00:00,293.5200000000001
2020-09-01 06:00:00,293.5200000000001
2020-09-01 07:00:00,293.7700000000001
2020-09-02 01:00:00,295.7700000000001
2020-09-02 02:00:00,294.12000000000006
2020-09-02 03:00:00,292.9200000000001
2020-09-02 04:00:00,292.62000000000006
2020-09-02 05:00:00,292.57000000000005
2020-09-02 06:00:00,294.4700000000001
2020-09-02 07:00:00,295.2700000000001
2020-09-03 01:00:00,299.5200000000001
2020-09-03 02:00:00,300.7700000000001
2020-09-03 03:00:00,300.2700000000001
2020-09-03 04:00:00,300.62000000000006
2020-09-03 05:00:00,300.37000000000006
2020-09-03 06:00:00,299.62000000000006
2020-09-03 07:00:00,299.62000000000006
2020-09-04 01:00:00,294.7700000000001
2020-09-04 02:00:00,294.82000000000005
2020-09-04 03:00:00,293.9200000000001
2020-09-04 04:00:00,294.37000000000006
2020-09-04 05:00:00,295.12000000000006
2020-09-04 06:00:00,295.07000000000005
2020-09-04 07:00:00,294.87000000000006
2020-09-07 01:00:00,297.0200000000001
2020-09-07 02:00:00,296.7700000000001
2020-09-07 03:00:00,296.57000000000005
2020-09-07 04:00:00,296.9700000000001
2020-09-07 05:00:00,296.82000000000005
2020-09-07 06:00:00,296.6700000000001
2020-09-07 07:00:00,297.07000000000005
2020-09-08 01:00:00,300.5200000000001
2020-09-08 02:00:00,300.2200000000001
2020-09-08 03:00:00,299.6700000000001
2020-09-08 04:00:00,300.0200000000001
2020-09-08 05:00:00,299.6700000000001
2020-09-08 06:00:00,300.4700000000001
2020-09-08 07:00:00,300.9200000000001
2020-09-09 01:00:00,297.37000000000006
2020-09-09 02:00:00,298.4700000000001
2020-09-09 03:00:00,298.1700000000001
2020-09-09 04:00:00,298.6700000000001
2020-09-09 05:00:00,298.9200000000001
2020-09-09 06:00:00,297.9700000000001
2020-09-09 07:00:00,297.37000000000006
2020-09-10 01:00:00,300.32000000000005
2020-09-10 02:00:00,300.32000000000005
2020-09-10 03:00:00,300.62
2020-09-10 04:00:00,300.47
2020-09-10 05:00:00,301.02000000000004
2020-09-10 06:00:00,301.37
2020-09-10 07:00:00,300.27000000000004
2020-09-11 01:00:00,297.82000000000005
2020-09-11 02:00:00,298.02000000000004
2020-09-11 03:00:00,297.57000000000005
2020-09-11 04:00:00,297.47
2020-09-11 05:00:00,298.17
2020-09-11 06:00:00,300.07000000000005
2020-09-11 07:00:00,300.47
2020-09-14 01:00:00,303.17
2020-09-14 02:00:00,304.92
2020-09-14 03:00:00,304.27000000000004
2020-09-14 04:00:00,303.77000000000004
2020-09-14 05:00:00,304.32000000000005
2020-09-14 06:00:00,304.32000000000005
2020-09-14 07:00:00,304.47
2020-09-15 01:00:00,305.12
2020-09-15 02:00:00,305.82000000000005
2020-09-15 03:00:00,306.67
2020-09-15 04:00:00,306.87
2020-09-15 05:00:00,306.87
2020-09-15 06:00:00,307.17
2020-09-15 07:00:00,306.92
2020-09-16 01:00:00,306.87
2020-09-16 02:00:00,307.52000000000004
2020-09-16 03:00:00,307.47
2020-09-16 04:00:00,307.27000000000004
2020-09-16 05:00:00,306.72
2020-09-16 06:00:00,305.82000000000005
2020-09-16 07:00:00,306.07000000000005
2020-09-17 01:00:00,303.67
2020-09-17 02:00:00,303.17
2020-09-17 03:00:00,302.47
2020-09-17 04:00:00,301.37
2020-09-17 05:00:00,300.67
2020-09-17 06:00:00,301.82000000000005
2020-09-17 07:00:00,301.22
2020-09-18 01:00:00,301.72
2020-09-18 02:00:00,302.12
2020-09-18 03:00:00,302.37
2020-09-18 04:00:00,301.22
2020-09-18 05:00:00,301.47
2020-09-18 06:00:00,302.02000000000004
2020-09-18 07:00:00,302.27000000000004
2020-09-21 01:00:00,303.37
2020-09-21 02:00:00,302.77000000000004
2020-09-21 03:00:00,302.92
2020-09-21 04:00:00,302.37
2020-09-21 05:00:00,302.07000000000005
2020-09-21 06:00:00,300.22
2020-09-21 07:00:00,299.72
2020-09-22 01:00:00,296.87
2020-09-22 02:00:00,295.42
2020-09-22 03:00:00,293.77000000000004
2020-09-22 04:00:00,293.97
2020-09-22 05:00:00,293.07000000000005
2020-09-22 06:00:00,291.17
2020-09-22 07:00:00,291.92
2020-09-23 01:00:00,290.07000000000005
2020-09-23 02:00:00,291.02000000000004
2020-09-23 03:00:00,289.57000000000005
2020-09-23 04:00:00,290.72
2020-09-23 05:00:00,292.82000000000005
2020-09-23 06:00:00,293.57000000000005
2020-09-23 07:00:00,293.22
2020-09-24 01:00:00,290.02000000000004
2020-09-24 02:00:00,287.72
2020-09-24 03:00:00,286.97
2020-09-24 04:00:00,287.17
2020-09-24 05:00:00,285.92
2020-09-24 06:00:00,287.17
2020-09-24 07:00:00,286.07000000000005
2020-09-25 01:00:00,288.17
2020-09-25 02:00:00,287.87
2020-09-25 03:00:00,287.47
2020-09-25 04:00:00,287.87
2020-09-25 05:00:00,287.82000000000005
2020-09-25 06:00:00,287.87
2020-09-25 07:00:00,287.52000000000004
2020-09-28 01:00:00,289.32000000000005
2020-09-28 02:00:00,291.22
2020-09-28 03:00:00,292.12
2020-09-28 04:00:00,291.97
2020-09-28 05:00:00,292.37
2020-09-28 06:00:00,291.82000000000005
2020-09-28 07:00:00,291.87
2020-09-29 01:00:00,295.57000000000005
2020-09-29 02:00:00,294.12
2020-09-29 03:00:00,293.67
2020-09-29 04:00:00,293.97
2020-09-29 05:00:00,294.82000000000005
2020-09-29 06:00:00,294.37
2020-09-29 07:00:00,294.12
2020-09-29 23:00:00,294.42
2020-10-05 02:00:00,296.37
2020-10-05 03:00:00,297.97
2020-10-05 04:00:00,298.42
2020-10-05 05:00:00,297.82000000000005
2020-10-05 06:00:00,298.17
2020-10-05 07:00:00,298.82000000000005
2020-10-05 08:00:00,298.22
2020-10-06 02:00:00,300.67
2020-10-06 03:00:00,299.72
2020-10-06 04:00:00,299.62
2020-10-06 05:00:00,299.47
2020-10-06 06:00:00,299.27000000000004
2020-10-06 07:00:00,298.67
2020-10-06 08:00:00,298.97
2020-10-07 02:00:00,297.57000000000005
2020-10-07 03:00:00,299.77000000000004
2020-10-07 04:00:00,299.52000000000004
2020-10-07 05:00:00,300.12
2020-10-07 06:00:00,301.12
2020-10-07 07:00:00,301.57000000000005
2020-10-07 08:00:00,302.07000000000005
2020-10-08 02:00:00,303.07000000000005
2020-10-08 03:00:00,301.97
2020-10-08 04:00:00,302.47
2020-10-08 05:00:00,302.82000000000005
2020-10-08 06:00:00,302.67
2020-10-08 07:00:00,302.92
2020-10-08 08:00:00,302.57000000000005
2020-10-12 02:00:00,303.02000000000004
2020-10-12 03:00:00,304.12
2020-10-12 04:00:00,303.62
2020-10-12 05:00:00,303.52000000000004
2020-10-12 06:00:00,302.87
2020-10-12 07:00:00,303.57000000000005
2020-10-12 08:00:00,303.57000000000005
2020-10-13 02:00:00,302.97
2020-10-13 03:00:00,302.32000000000005
2020-10-13 04:00:00,302.37
2020-10-13 05:00:00,302.17
2020-10-13 06:00:00,303.37
2020-10-13 07:00:00,303.42
2020-10-13 08:00:00,303.72
2020-10-14 02:00:00,301.57000000000005
2020-10-14 03:00:00,301.32000000000005
2020-10-14 04:00:00,301.22
2020-10-14 05:00:00,302.22
2020-10-14 06:00:00,301.12
2020-10-14 07:00:00,300.37
2020-10-14 08:00:00,300.47
2020-10-15 02:00:00,297.47
2020-10-15 03:00:00,298.12
2020-10-15 04:00:00,297.87
2020-10-15 05:00:00,298.22
2020-10-15 06:00:00,297.02000000000004
2020-10-15 07:00:00,298.32000000000005
2020-10-15 08:00:00,297.97
2020-10-16 02:00:00,297.72
2020-10-16 03:00:00,297.42
2020-10-16 04:00:00,297.67
2020-10-16 05:00:00,296.17
2020-10-16 06:00:00,294.52000000000004
2020-10-16 07:00:00,296.57000000000005
2020-10-16 08:00:00,296.47
2020-10-19 02:00:00,297.77000000000004
2020-10-19 03:00:00,299.22
2020-10-19 04:00:00,299.22
2020-10-19 05:00:00,298.62
2020-10-19 06:00:00,298.52000000000004
2020-10-19 07:00:00,297.47
2020-10-19 08:00:00,296.82000000000005
2020-10-20 02:00:00,297.27000000000004
2020-10-20 03:00:00,296.47
2020-10-20 04:00:00,295.22
2020-10-20 05:00:00,296.37
2020-10-20 06:00:00,296.92
2020-10-20 07:00:00,298.27000000000004
2020-10-20 08:00:00,299.37
2020-10-21 02:00:00,299.27000000000004
2020-10-21 03:00:00,300.27000000000004
2020-10-21 04:00:00,299.57000000000005
2020-10-21 05:00:00,299.82000000000005
2020-10-21 06:00:00,300.02000000000004
2020-10-21 07:00:00,300.17
2020-10-21 08:00:00,300.42
2020-10-22 02:00:00,297.22
2020-10-22 03:00:00,298.62
2020-10-22 04:00:00,297.82000000000005
2020-10-22 05:00:00,296.92
2020-10-22 06:00:00,296.37
2020-10-22 07:00:00,297.97
2020-10-22 08:00:00,298.17
2020-10-23 02:00:00,298.37
2020-10-23 03:00:00,298.12
2020-10-23 04:00:00,299.82000000000005
2020-10-23 05:00:00,299.72
2020-10-23 06:00:00,299.42
2020-10-23 07:00:00,299.47
2020-10-23 08:00:00,299.52000000000004
2020-10-26 01:00:00,299.32000000000005
2020-10-26 02:00:00,299.62
2020-10-26 03:00:00,299.17
2020-10-26 04:00:00,298.57000000000005
2020-10-26 05:00:00,298.52000000000004
2020-10-26 06:00:00,298.37
2020-10-26 23:00:00,299.47
2020-10-27 01:00:00,297.87
2020-10-27 02:00:00,297.62
2020-10-27 03:00:00,297.02000000000004
2020-10-27 04:00:00,296.62
2020-10-27 05:00:00,295.37
2020-10-27 06:00:00,295.97
2020-10-27 23:00:00,297.77000000000004
2020-10-28 01:00:00,295.37
2020-10-28 02:00:00,295.47
2020-10-28 03:00:00,295.07000000000005
2020-10-28 04:00:00,296.02000000000004
2020-10-28 05:00:00,296.97
2020-10-28 06:00:00,297.67
2020-10-28 23:00:00,294.57000000000005
2020-10-29 01:00:00,292.27000000000004
2020-10-29 02:00:00,291.32000000000005
2020-10-29 03:00:00,290.92
2020-10-29 04:00:00,293.02000000000004
2020-10-29 05:00:00,293.82000000000005
2020-10-29 06:00:00,293.67
2020-10-29 23:00:00,291.72
2020-10-30 01:00:00,291.57000000000005
2020-10-30 02:00:00,289.82000000000005
2020-10-30 03:00:00,289.47
2020-10-30 04:00:00,289.57000000000005
2020-10-30 05:00:00,287.37
2020-10-30 06:00:00,286.27000000000004
2020-10-30 23:00:00,291.17
2020-11-02 01:00:00,289.52000000000004
2020-11-02 02:00:00,288.22
2020-11-02 03:00:00,288.62
2020-11-02 04:00:00,289.17
2020-11-02 05:00:00,290.32000000000005
2020-11-02 06:00:00,289.97
2020-11-02 23:00:00,288.12
2020-11-03 01:00:00,295.97
2020-11-03 02:00:00,296.77000000000004
2020-11-03 03:00:00,296.02000000000004
2020-11-03 04:00:00,294.52000000000004
2020-11-03 05:00:00,296.17
2020-11-03 06:00:00,296.37
2020-11-03 23:00:00,294.52000000000004
2020-11-04 01:00:00,297.97
2020-11-04 02:00:00,297.07000000000005
2020-11-04 03:00:00,299.02000000000004
2020-11-04 04:00:00,298.52000000000004
2020-11-04 05:00:00,298.27000000000004
2020-11-04 06:00:00,298.27000000000004
2020-11-04 23:00:00,296.17
2020-11-05 01:00:00,303.42
2020-11-05 02:00:00,303.07000000000005
2020-11-05 03:00:00,304.17
2020-11-05 04:00:00,304.37
2020-11-05 05:00:00,305.52000000000004
2020-11-05 06:00:00,305.12
2020-11-05 23:00:00,303.22
2020-11-06 01:00:00,307.07000000000005
2020-11-06 02:00:00,306.27000000000004
2020-11-06 03:00:00,306.52000000000004
2020-11-06 04:00:00,305.47
2020-11-06 05:00:00,306.32000000000005
2020-11-06 06:00:00,306.42
2020-11-06 23:00:00,306.67
2020-11-09 01:00:00,311.07000000000005
2020-11-09 02:00:00,310.97
2020-11-09 03:00:00,311.57000000000005
2020-11-09 04:00:00,312.02000000000004
2020-11-09 05:00:00,310.77000000000004
2020-11-09 06:00:00,310.22
2020-11-09 23:00:00,311.77000000000004
2020-11-10 01:00:00,310.77000000000004
2020-11-10 02:00:00,309.67
2020-11-10 03:00:00,309.02000000000004
2020-11-10 04:00:00,309.52000000000004
2020-11-10 05:00:00,310.57000000000005
2020-11-10 06:00:00,310.37
2020-11-10 23:00:00,310.52000000000004
2020-11-11 01:00:00,314.57000000000005
2020-11-11 02:00:00,314.67
2020-11-11 03:00:00,315.07000000000005
2020-11-11 04:00:00,315.07000000000005
2020-11-11 05:00:00,315.72
2020-11-11 06:00:00,315.72
2020-11-11 23:00:00,313.67
2020-11-12 01:00:00,315.47
2020-11-12 02:00:00,315.37
2020-11-12 03:00:00,314.37
2020-11-12 04:00:00,313.12
2020-11-12 05:00:00,315.02000000000004
2020-11-12 06:00:00,314.47
2020-11-12 23:00:00,314.87
2020-11-13 01:00:00,313.82000000000005
2020-11-13 02:00:00,315.27000000000004
2020-11-13 03:00:00,315.47
2020-11-13 04:00:00,316.52000000000004
2020-11-13 05:00:00,317.12
2020-11-13 06:00:00,317.52000000000004
2020-11-13 23:00:00,313.62
2020-11-16 01:00:00,323.32000000000005
2020-11-16 02:00:00,324.32000000000005
2020-11-16 03:00:00,324.87
2020-11-16 04:00:00,324.97
2020-11-16 05:00:00,325.22
2020-11-16 06:00:00,324.77000000000004
2020-11-16 23:00:00,322.47
2020-11-17 01:00:00,324.72
2020-11-17 02:00:00,324.97
2020-11-17 03:00:00,325.97
2020-11-17 04:00:00,325.92
2020-11-17 05:00:00,324.72
2020-11-17 06:00:00,324.82000000000005
2020-11-17 23:00:00,325.92
2020-11-18 01:00:00,324.27000000000004
2020-11-18 02:00:00,323.97
2020-11-18 03:00:00,324.67
2020-11-18 04:00:00,324.52000000000004
2020-11-18 05:00:00,324.52000000000004
2020-11-18 06:00:00,324.47
2020-11-18 23:00:00,324.32000000000005
2020-11-19 01:00:00,323.52000000000004
2020-11-19 02:00:00,322.07000000000005
2020-11-19 03:00:00,322.82000000000005
2020-11-19 04:00:00,322.77000000000004
2020-11-19 05:00:00,323.92
2020-11-19 06:00:00,324.72
2020-11-19 23:00:00,323.47
2020-11-20 01:00:00,324.77000000000004
2020-11-20 02:00:00,324.52000000000004
2020-11-20 03:00:00,324.02000000000004
2020-11-20 04:00:00,324.52000000000004
2020-11-20 05:00:00,324.72
2020-11-20 06:00:00,324.67
2020-11-20 23:00:00,324.12
2020-11-23 01:00:00,331.87
2020-11-23 02:00:00,333.17
2020-11-23 03:00:00,332.87
2020-11-23 04:00:00,332.97
2020-11-23 05:00:00,332.82000000000005
2020-11-23 06:00:00,332.87
2020-11-23 23:00:00,330.97
2020-11-24 01:00:00,335.87
2020-11-24 02:00:00,335.97
2020-11-24 03:00:00,335.97
2020-11-24 04:00:00,334.82000000000005
2020-11-24 05:00:00,334.77000000000004
2020-11-24 06:00:00,334.72
2020-11-24 23:00:00,336.17
2020-11-25 01:00:00,336.57000000000005
2020-11-25 02:00:00,337.32000000000005
2020-11-25 03:00:00,336.52000000000004
2020-11-25 04:00:00,334.12
2020-11-25 05:00:00,332.82000000000005
2020-11-25 06:00:00,332.67
2020-11-25 23:00:00,336.22
2020-11-26 01:00:00,334.02000000000004
2020-11-26 02:00:00,333.52000000000004
2020-11-26 03:00:00,332.52000000000004
2020-11-26 04:00:00,334.82000000000005
2020-11-26 05:00:00,335.62
2020-11-26 06:00:00,336.22
2020-11-26 23:00:00,332.77000000000004
2020-11-27 01:00:00,336.52000000000004
2020-11-27 02:00:00,335.87
2020-11-27 03:00:00,336.57000000000005
2020-11-27 04:00:00,336.32000000000005
2020-11-27 05:00:00,336.97
2020-11-27 06:00:00,337.07000000000005
2020-11-27 23:00:00,336.37
2020-11-30 01:00:00,336.17
2020-11-30 02:00:00,334.42
2020-11-30 03:00:00,335.07
2020-11-30 04:00:00,333.87
2020-11-30 05:00:00,332.82
2020-11-30 06:00:00,331.57
2020-11-30 23:00:00,335.52000000000004
2020-12-01 01:00:00,334.82
2020-12-01 02:00:00,334.52000000000004
2020-12-01 03:00:00,335.57
2020-12-01 04:00:00,336.47
2020-12-01 05:00:00,337.07
2020-12-01 06:00:00,336.67
2020-12-01 23:00:00,335.62
2020-12-02 01:00:00,341.72
2020-12-02 02:00:00,342.12
2020-12-02 03:00:00,341.57
2020-12-02 04:00:00,342.07
2020-12-02 05:00:00,342.07
2020-12-02 06:00:00,342.92
2020-12-02 23:00:00,341.82
2020-12-03 01:00:00,344.42
2020-12-03 02:00:00,344.32
2020-12-03 03:00:00,343.87
2020-12-03 04:00:00,343.92
2020-12-03 05:00:00,345.22
2020-12-03 06:00:00,345.02000000000004
2020-12-04 01:00:00,352.17
2020-12-04 02:00:00,353.67
2020-12-04 03:00:00,352.77000000000004
2020-12-04 04:00:00,352.77000000000004
2020-12-04 05:00:00,351.02000000000004
2020-12-04 06:00:00,352.27000000000004
2020-12-04 23:00:00,353.42
2020-12-07 01:00:00,351.22
2020-12-07 02:00:00,351.62
2020-12-07 03:00:00,352.02000000000004
2020-12-07 04:00:00,352.92
2020-12-07 05:00:00,352.52000000000004
2020-12-07 06:00:00,353.72
2020-12-07 23:00:00,353.42
2020-12-08 01:00:00,350.52000000000004
2020-12-08 02:00:00,348.02000000000004
2020-12-08 03:00:00,349.92
2020-12-08 04:00:00,350.17
2020-12-08 05:00:00,348.22
2020-12-08 06:00:00,347.37
2020-12-08 23:00:00,351.57
2020-12-09 01:00:00,351.32
2020-12-09 02:00:00,352.22
2020-12-09 03:00:00,352.47
2020-12-09 04:00:00,353.62
2020-12-09 05:00:00,353.82
2020-12-09 06:00:00,355.22
2020-12-09 23:00:00,350.77000000000004
2020-12-10 01:00:00,352.92
2020-12-10 02:00:00,353.62
2020-12-10 03:00:00,354.72
2020-12-10 04:00:00,354.47
2020-12-10 05:00:00,352.32
2020-12-10 06:00:00,352.62
2020-12-10 23:00:00,350.82
2020-12-11 01:00:00,357.22
2020-12-11 02:00:00,355.72
2020-12-11 03:00:00,355.47
2020-12-11 04:00:00,356.07
2020-12-11 05:00:00,356.07
2020-12-11 06:00:00,356.17
2020-12-11 23:00:00,355.87
2020-12-14 01:00:00,355.27000000000004
2020-12-14 02:00:00,355.72
2020-12-14 03:00:00,355.92
2020-12-14 04:00:00,355.42
2020-12-14 05:00:00,354.92
2020-12-14 06:00:00,354.52000000000004
2020-12-14 23:00:00,356.17
2020-12-15 01:00:00,353.32
2020-12-15 02:00:00,352.42
2020-12-15 03:00:00,352.02000000000004
2020-12-15 04:00:00,350.82
2020-12-15 05:00:00,353.67
2020-12-15 06:00:00,354.17
2020-12-15 23:00:00,353.07
2020-12-16 01:00:00,354.87
2020-12-16 02:00:00,355.57
2020-12-16 03:00:00,355.37
2020-12-16 04:00:00,355.67
2020-12-16 05:00:00,355.27000000000004
2020-12-16 06:00:00,356.07
2020-12-16 23:00:00,355.42
2020-12-17 01:00:00,352.32
2020-12-17 02:00:00,353.52000000000004
2020-12-17 03:00:00,353.67
2020-12-17 04:00:00,353.92
2020-12-17 05:00:00,355.72
2020-12-17 06:00:00,355.42
2020-12-17 23:00:00,354.12
2020-12-18 01:00:00,354.52000000000004
2020-12-18 02:00:00,355.47
2020-12-18 03:00:00,355.67
2020-12-18 04:00:00,355.22
2020-12-18 05:00:00,355.62
2020-12-18 06:00:00,355.37
2020-12-18 23:00:00,355.27000000000004
2020-12-21 01:00:00,351.82
2020-12-21 02:00:00,352.87
2020-12-21 03:00:00,353.07
2020-12-21 04:00:00,354.57
2020-12-21 05:00:00,355.42
2020-12-21 06:00:00,355.37
2020-12-21 23:00:00,352.47
2020-12-22 01:00:00,353.22
2020-12-22 02:00:00,353.47
2020-12-22 03:00:00,354.32
2020-12-22 04:00:00,353.22
2020-12-22 05:00:00,350.62
2020-12-22 06:00:00,349.72
2020-12-22 23:00:00,352.62
2020-12-23 01:00:00,350.92
2020-12-23 02:00:00,352.17
2020-12-23 03:00:00,353.92
2020-12-23 04:00:00,354.02000000000004
2020-12-23 05:00:00,354.37
2020-12-23 06:00:00,354.32
2020-12-23 23:00:00,348.62
2020-12-24 01:00:00,357.92
2020-12-24 23:00:00,358.27000000000004
2020-12-28 01:00:00,365.22
2020-12-28 02:00:00,365.92
2020-12-28 03:00:00,366.32
2020-12-28 04:00:00,364.62
2020-12-28 05:00:00,363.32
2020-12-28 06:00:00,364.72
2020-12-28 23:00:00,365.22
2020-12-29 01:00:00,367.17
2020-12-29 02:00:00,367.87
2020-12-29 03:00:00,366.52000000000004
2020-12-29 04:00:00,366.37
2020-12-29 05:00:00,368.62
2020-12-29 06:00:00,369.67
2020-12-29 23:00:00,369.52000000000004
2020-12-30 01:00:00,370.77000000000004
2020-12-30 02:00:00,374.37
2020-12-30 03:00:00,374.72
2020-12-30 04:00:00,376.17
2020-12-30 05:00:00,377.12
2020-12-30 06:00:00,378.32
2020-12-30 23:00:00,370.07
2021-01-04 01:00:00,383.67
2021-01-04 02:00:00,387.17
2021-01-04 03:00:00,388.17
2021-01-04 04:00:00,389.12
2021-01-04 05:00:00,388.47
2021-01-04 06:00:00,388.67
2021-01-05 01:00:00,386.67
2021-01-05 02:00:00,388.67
2021-01-05 03:00:00,387.57
2021-01-05 04:00:00,386.62
2021-01-05 05:00:00,392.22
2021-01-05 06:00:00,394.67
2021-01-05 23:00:00,388.72
2021-01-06 01:00:00,393.12
2021-01-06 02:00:00,393.57
2021-01-06 03:00:00,393.12
2021-01-06 04:00:00,394.27000000000004
2021-01-06 05:00:00,392.22
2021-01-06 06:00:00,392.12
2021-01-06 23:00:00,394.77000000000004
2021-01-07 01:00:00,400.22
2021-01-07 02:00:00,400.77000000000004
2021-01-07 03:00:00,402.57
2021-01-07 04:00:00,401.62
2021-01-07 05:00:00,401.77000000000004
2021-01-07 06:00:00,400.52000000000004
2021-01-07 23:00:00,398.87
2021-01-08 01:00:00,409.57
2021-01-08 02:00:00,409.57
2021-01-08 03:00:00,409.57
2021-01-08 04:00:00,409.57
2021-01-08 05:00:00,409.57
2021-01-08 06:00:00,409.57
2021-01-08 23:00:00,407.97
2021-01-11 01:00:00,428.02000000000004
2021-01-11 02:00:00,426.37
2021-01-11 03:00:00,420.42
2021-01-11 04:00:00,418.32
2021-01-11 05:00:00,419.47
2021-01-11 06:00:00,421.22
2021-01-11 23:00:00,431.52000000000004
2021-01-12 01:00:00,417.82
2021-01-12 02:00:00,417.82
2021-01-12 03:00:00,417.82
2021-01-12 04:00:00,417.82
2021-01-12 05:00:00,417.82
2021-01-12 06:00:00,417.82
2021-01-12 23:00:00,417.62
2021-01-13 01:00:00,414.92
2021-01-13 02:00:00,416.57
2021-01-13 03:00:00,419.87
2021-01-13 04:00:00,421.12
2021-01-13 05:00:00,418.87
2021-01-13 06:00:00,417.87
2021-01-13 23:00:00,417.42
2021-01-14 01:00:00,418.62
2021-01-14 02:00:00,419.12
2021-01-14 03:00:00,418.82
2021-01-14 04:00:00,418.52000000000004
2021-01-14 05:00:00,418.72
2021-01-14 06:00:00,418.67
2021-01-14 23:00:00,418.52000000000004
2021-01-15 01:00:00,410.17
2021-01-15 02:00:00,413.42
2021-01-15 03:00:00,410.97
2021-01-15 04:00:00,410.37
2021-01-15 05:00:00,410.32
2021-01-15 06:00:00,408.32
2021-01-15 23:00:00,415.97
2021-01-18 01:00:00,406.52000000000004
2021-01-18 02:00:00,405.77000000000004
2021-01-18 03:00:00,403.22
2021-01-18 04:00:00,403.02000000000004
2021-01-18 05:00:00,401.42
2021-01-18 06:00:00,399.02000000000004
2021-01-18 23:00:00,407.92
2021-01-19 01:00:00,407.02000000000004
2021-01-19 02:00:00,409.87
2021-01-19 03:00:00,410.17
2021-01-19 04:00:00,412.02000000000004
2021-01-19 05:00:00,409.97
2021-01-19 06:00:00,411.02000000000004
2021-01-19 23:00:00,404.37
2021-01-20 01:00:00,410.07
2021-01-20 02:00:00,411.47
2021-01-20 03:00:00,410.67
2021-01-20 04:00:00,409.42
2021-01-20 05:00:00,413.32
2021-01-20 06:00:00,412.17
2021-01-20 23:00:00,411.97
2021-01-21 01:00:00,414.92
2021-01-21 02:00:00,416.62
2021-01-21 03:00:00,415.62
2021-01-21 04:00:00,416.62
2021-01-21 05:00:00,416.67
2021-01-21 06:00:00,418.67
2021-01-21 23:00:00,414.72
2021-01-22 01:00:00,421.62
2021-01-22 02:00:00,421.32
2021-01-22 03:00:00,418.82
2021-01-22 04:00:00,418.87
2021-01-22 05:00:00,417.47
2021-01-22 06:00:00,415.32
2021-01-22 23:00:00,417.57
2021-01-25 01:00:00,420.92
2021-01-25 02:00:00,423.97
2021-01-25 03:00:00,424.22
2021-01-25 04:00:00,424.42
2021-01-25 05:00:00,426.07
2021-01-25 06:00:00,425.22
2021-01-25 23:00:00,421.27000000000004
2021-01-26 01:00:00,417.57
2021-01-26 02:00:00,415.82
2021-01-26 03:00:00,415.27000000000004
2021-01-26 04:00:00,412.82
2021-01-26 05:00:00,413.52000000000004
2021-01-26 06:00:00,413.67
2021-01-26 23:00:00,421.52000000000004
2021-01-27 01:00:00,418.62
2021-01-27 02:00:00,414.07
2021-01-27 03:00:00,413.52000000000004
2021-01-27 04:00:00,413.37
2021-01-27 05:00:00,413.17
2021-01-27 06:00:00,411.97
2021-01-27 23:00:00,418.12
2021-01-28 01:00:00,407.82
2021-01-28 02:00:00,405.12
2021-01-28 03:00:00,403.97
2021-01-28 04:00:00,403.17
2021-01-28 05:00:00,404.17
2021-01-28 06:00:00,403.17
2021-01-28 23:00:00,402.77000000000004
2021-01-29 01:00:00,402.32
2021-01-29 02:00:00,401.27000000000004
2021-01-29 03:00:00,398.72
2021-01-29 04:00:00,396.17
2021-01-29 05:00:00,395.82
2021-01-29 06:00:00,392.47
2021-01-29 23:00:00,402.02000000000004
2021-02-01 01:00:00,399.27000000000004
2021-02-01 02:00:00,399.62
2021-02-01 03:00:00,401.32
2021-02-01 04:00:00,402.77000000000004
2021-02-01 05:00:00,402.87
2021-02-01 06:00:00,404.02000000000004
2021-02-01 23:00:00,397.17
2021-02-02 01:00:00,414.87
2021-02-02 23:00:00,411.02000000000004
2021-02-03 01:00:00,411.72
2021-02-03 02:00:00,408.87
2021-02-03 03:00:00,410.62
2021-02-03 04:00:00,411.72
2021-02-03 05:00:00,413.07
2021-02-03 06:00:00,414.22
2021-02-03 23:00:00,414.87
2021-02-04 01:00:00,408.12
2021-02-04 02:00:00,407.62
2021-02-04 03:00:00,404.42
2021-02-04 04:00:00,404.32
2021-02-04 05:00:00,407.17
2021-02-04 06:00:00,405.97
2021-02-04 23:00:00,406.52000000000004
2021-02-05 01:00:00,409.02000000000004
2021-02-05 02:00:00,408.37
2021-02-05 03:00:00,408.17
2021-02-05 04:00:00,408.07
2021-02-05 05:00:00,411.52000000000004
2021-02-05 06:00:00,411.67
2021-02-05 23:00:00,407.92
2021-02-08 01:00:00,410.52000000000004
2021-02-08 02:00:00,411.77000000000004
2021-02-08 03:00:00,412.12
2021-02-08 04:00:00,409.97
2021-02-08 05:00:00,409.77000000000004
2021-02-08 06:00:00,407.47
2021-02-08 23:00:00,407.12
2021-02-09 01:00:00,411.87
2021-02-09 02:00:00,410.27000000000004
2021-02-09 03:00:00,409.72
2021-02-09 04:00:00,408.62
2021-02-09 05:00:00,407.82
2021-02-09 06:00:00,406.42
2021-02-09 23:00:00,413.32
2021-02-10 01:00:00,405.47
2021-02-10 02:00:00,406.77000000000004
2021-02-10 03:00:00,405.87
2021-02-10 04:00:00,408.42
2021-02-10 05:00:00,409.32
2021-02-10 06:00:00,409.92
2021-02-10 23:00:00,406.62
2021-02-15 01:00:00,415.37
2021-02-15 02:00:00,415.27000000000004
2021-02-15 03:00:00,415.87
2021-02-15 04:00:00,416.57
2021-02-15 05:00:00,416.22
2021-02-15 06:00:00,415.57
2021-02-15 23:00:00,414.97
2021-02-16 01:00:00,417.47
2021-02-16 02:00:00,417.07
2021-02-16 03:00:00,416.27000000000004
2021-02-16 04:00:00,417.67
2021-02-16 05:00:00,416.27000000000004
2021-02-16 06:00:00,417.32
2021-02-16 23:00:00,418.42
2021-02-17 01:00:00,410.22
2021-02-17 02:00:00,411.27000000000004
2021-02-17 03:00:00,411.57
2021-02-17 04:00:00,410.37
2021-02-17 05:00:00,412.27000000000004
2021-02-17 06:00:00,412.02000000000004
2021-02-17 23:00:00,410.77000000000004
2021-02-18 01:00:00,409.22
2021-02-18 02:00:00,410.57
2021-02-18 03:00:00,406.92
2021-02-18 04:00:00,407.02000000000004
2021-02-18 05:00:00,406.77000000000004
2021-02-18 06:00:00,406.02000000000004
2021-02-18 23:00:00,411.67
2021-02-19 01:00:00,402.22
2021-02-19 02:00:00,400.07
2021-02-19 03:00:00,402.57
2021-02-19 04:00:00,405.47
2021-02-19 05:00:00,408.97
2021-02-19 06:00:00,409.62
2021-02-19 23:00:00,406.77000000000004
2021-02-22 01:00:00,410.87
2021-02-22 02:00:00,408.27000000000004
2021-02-22 03:00:00,408.92
2021-02-22 04:00:00,407.42
2021-02-22 05:00:00,405.12
2021-02-22 06:00:00,405.47
2021-02-22 23:00:00,412.52000000000004
2021-02-23 01:00:00,403.17
2021-02-23 02:00:00,404.12
2021-02-23 03:00:00,404.57
2021-02-23 04:00:00,407.27000000000004
2021-02-23 05:00:00,404.57
2021-02-23 06:00:00,405.22
2021-02-23 23:00:00,399.72
2021-02-24 01:00:00,407.22
2021-02-24 02:00:00,405.67
2021-02-24 03:00:00,403.92
2021-02-24 04:00:00,401.02000000000004
2021-02-24 05:00:00,397.72
2021-02-24 06:00:00,396.82
2021-02-24 23:00:00,403.22
2021-02-25 01:00:00,404.27000000000004
2021-02-25 02:00:00,405.07
2021-02-25 03:00:00,408.07
2021-02-25 04:00:00,409.02000000000004
2021-02-25 05:00:00,409.67
2021-02-25 06:00:00,411.02000000000004
2021-02-25 23:00:00,404.77000000000004
2021-02-26 01:00:00,398.37
2021-02-26 02:00:00,398.27000000000004
2021-02-26 03:00:00,396.67
2021-02-26 04:00:00,396.27000000000004
2021-02-26 05:00:00,395.82
2021-02-26 06:00:00,398.87
2021-02-26 23:00:00,399.22
2021-03-02 01:00:00,407.67
2021-03-02 02:00:00,405.52000000000004
2021-03-02 03:00:00,405.82
2021-03-02 04:00:00,402.62
2021-03-02 05:00:00,402.07
2021-03-02 06:00:00,403.97
2021-03-02 23:00:00,410.57
2021-03-03 01:00:00,404.07
2021-03-03 02:00:00,405.37
2021-03-03 03:00:00,406.37
2021-03-03 04:00:00,406.32
2021-03-03 05:00:00,408.52000000000004
2021-03-03 06:00:00,408.72
2021-03-03 23:00:00,404.82
2021-03-04 01:00:00,404.47
2021-03-04 02:00:00,402.12
2021-03-04 03:00:00,400.92
2021-03-04 04:00:00,403.47
2021-03-04 05:00:00,402.27000000000004
2021-03-04 06:00:00,402.82
2021-03-04 23:00:00,406.22
2021-03-05 01:00:00,396.42
2021-03-05 02:00:00,399.27000000000004
2021-03-05 03:00:00,400.82
2021-03-05 04:00:00,398.77000000000004
2021-03-05 05:00:00,402.32
2021-03-05 06:00:00,400.82
2021-03-05 23:00:00,395.82
2021-03-08 01:00:00,402.82
2021-03-08 02:00:00,400.27000000000004
2021-03-08 03:00:00,399.57
2021-03-08 04:00:00,398.67
2021-03-08 05:00:00,396.57
2021-03-08 06:00:00,397.17
2021-03-08 23:00:00,403.42
2021-03-09 01:00:00,388.22
2021-03-09 02:00:00,391.47
2021-03-09 03:00:00,394.37
2021-03-09 04:00:00,394.42
2021-03-09 05:00:00,395.22
2021-03-09 06:00:00,394.22
2021-03-09 23:00:00,391.97
2021-03-10 01:00:00,395.62
2021-03-10 02:00:00,395.92
2021-03-10 03:00:00,394.12
2021-03-10 04:00:00,393.37
2021-03-10 05:00:00,392.17
2021-03-10 06:00:00,392.37
2021-03-10 23:00:00,396.42
2021-03-11 01:00:00,400.12
2021-03-11 02:00:00,399.82
2021-03-11 03:00:00,400.57
2021-03-11 04:00:00,400.07
2021-03-11 05:00:00,401.12
2021-03-11 06:00:00,400.97
2021-03-11 23:00:00,396.52000000000004
2021-03-12 01:00:00,405.17
2021-03-12 02:00:00,404.07
2021-03-12 03:00:00,405.77000000000004
2021-03-12 04:00:00,406.12
2021-03-12 05:00:00,405.37
2021-03-12 06:00:00,404.87
2021-03-12 23:00:00,405.22
2021-03-15 01:00:00,404.32
2021-03-15 02:00:00,403.47
2021-03-15 03:00:00,403.52000000000004
2021-03-15 04:00:00,404.07
2021-03-15 05:00:00,402.82
2021-03-15 06:00:00,402.32
2021-03-15 23:00:00,403.27000000000004
2021-03-16 01:00:00,404.82
2021-03-16 02:00:00,404.62
2021-03-16 03:00:00,404.82
2021-03-16 04:00:00,405.57
2021-03-16 05:00:00,406.42
2021-03-16 06:00:00,406.57
2021-03-16 23:00:00,404.47
2021-03-17 01:00:00,402.47
2021-03-17 02:00:00,401.32
2021-03-17 03:00:00,400.97
2021-03-17 04:00:00,400.47
2021-03-17 05:00:00,403.12
2021-03-17 06:00:00,402.57
2021-03-17 23:00:00,402.57
2021-03-18 01:00:00,409.32
2021-03-18 02:00:00,409.57
2021-03-18 03:00:00,407.62
2021-03-18 04:00:00,406.87
2021-03-18 05:00:00,405.87
2021-03-18 06:00:00,406.52000000000004
2021-03-18 23:00:00,408.27000000000004
2021-03-19 01:00:00,402.12
2021-03-19 02:00:00,400.12
2021-03-19 03:00:00,400.67
2021-03-19 04:00:00,402.87
2021-03-19 05:00:00,402.12
2021-03-19 06:00:00,400.62
2021-03-19 23:00:00,400.27000000000004
2021-03-22 01:00:00,401.32
2021-03-22 02:00:00,402.32
2021-03-22 03:00:00,401.97
2021-03-22 04:00:00,401.92
2021-03-22 05:00:00,401.47
2021-03-22 06:00:00,401.92
2021-03-22 23:00:00,399.32
2021-03-23 01:00:00,400.92
2021-03-23 02:00:00,399.77000000000004
2021-03-23 03:00:00,400.17
2021-03-23 04:00:00,398.27000000000004
2021-03-23 05:00:00,397.62
2021-03-23 06:00:00,397.57
2021-03-23 23:00:00,402.22
2021-03-24 01:00:00,396.12
2021-03-24 02:00:00,395.47
2021-03-24 03:00:00,395.87
2021-03-24 04:00:00,396.27000000000004
2021-03-24 05:00:00,395.67
2021-03-24 06:00:00,396.22
2021-03-24 23:00:00,394.97
2021-03-25 01:00:00,397.07
2021-03-25 02:00:00,400.37
2021-03-25 03:00:00,397.32
2021-03-25 04:00:00,396.62
2021-03-25 05:00:00,396.82
2021-03-25 06:00:00,397.42
2021-03-25 23:00:00,396.87
2021-03-26 01:00:00,399.77000000000004
2021-03-26 02:00:00,400.72
2021-03-26 03:00:00,400.97
2021-03-26 04:00:00,401.47
2021-03-26 05:00:00,401.87
2021-03-26 06:00:00,401.82
2021-03-26 23:00:00,398.82
2021-03-29 02:00:00,400.32
2021-03-29 03:00:00,400.72
2021-03-29 04:00:00,402.37
2021-03-29 05:00:00,402.62
2021-03-29 06:00:00,402.57
2021-03-29 07:00:00,400.87
2021-03-29 08:00:00,401.12
2021-03-30 02:00:00,404.37
2021-03-30 03:00:00,404.27000000000004
2021-03-30 04:00:00,405.92
2021-03-30 05:00:00,407.02000000000004
2021-03-30 06:00:00,406.42
2021-03-30 07:00:00,406.12
2021-03-30 08:00:00,405.52000000000004
2021-03-31 02:00:00,408.12
2021-03-31 03:00:00,408.27000000000004
2021-03-31 04:00:00,406.27000000000004
2021-03-31 05:00:00,406.22
2021-03-31 06:00:00,405.67
2021-03-31 07:00:00,405.22
2021-03-31 08:00:00,404.57
2021-04-01 02:00:00,408.17
2021-04-01 03:00:00,408.17
2021-04-01 04:00:00,406.67
2021-04-01 05:00:00,407.37
2021-04-01 06:00:00,408.37
2021-04-01 07:00:00,407.82
2021-04-01 08:00:00,408.82
2021-04-02 02:00:00,413.47
2021-04-02 03:00:00,413.72
2021-04-02 04:00:00,413.57
2021-04-02 05:00:00,412.57
2021-04-02 06:00:00,412.52000000000004
2021-04-02 07:00:00,413.17
2021-04-02 08:00:00,413.32
2021-04-05 02:00:00,412.57
2021-04-05 03:00:00,412.82
2021-04-05 04:00:00,412.62
2021-04-05 05:00:00,412.82
2021-04-05 06:00:00,413.22
2021-04-05 07:00:00,414.02000000000004
2021-04-05 08:00:00,413.82
2021-04-06 02:00:00,415.37
2021-04-06 03:00:00,412.72
2021-04-06 04:00:00,413.87
2021-04-06 05:00:00,413.87
2021-04-06 06:00:00,414.57
2021-04-06 07:00:00,414.72
2021-04-06 08:00:00,414.62
2021-04-07 02:00:00,415.82
2021-04-07 03:00:00,415.27000000000004
2021-04-07 04:00:00,414.32
2021-04-07 05:00:00,415.27000000000004
2021-04-07 06:00:00,415.27000000000004
2021-04-07 07:00:00,415.42
2021-04-07 08:00:00,415.27000000000004
2021-04-08 02:00:00,414.02000000000004
2021-04-08 03:00:00,414.62
2021-04-08 04:00:00,415.87
2021-04-08 05:00:00,414.72
2021-04-08 06:00:00,414.57
2021-04-08 07:00:00,415.62
2021-04-08 08:00:00,414.52000000000004
2021-04-09 02:00:00,414.47
2021-04-09 03:00:00,414.22
2021-04-09 04:00:00,413.42
2021-04-09 05:00:00,414.32
2021-04-09 06:00:00,413.87
2021-04-09 07:00:00,412.02000000000004
2021-04-09 08:00:00,412.97
2021-04-12 02:00:00,413.82
2021-04-12 03:00:00,412.92
2021-04-12 04:00:00,412.07
2021-04-12 05:00:00,413.27000000000004
2021-04-12 06:00:00,412.62
2021-04-12 07:00:00,412.22
2021-04-12 08:00:00,413.12
2021-04-13 02:00:00,415.87
2021-04-13 03:00:00,416.77000000000004
2021-04-13 04:00:00,418.52000000000004
2021-04-13 05:00:00,418.77000000000004
2021-04-13 06:00:00,418.07
2021-04-13 07:00:00,417.32
2021-04-13 08:00:00,417.92
2021-04-14 02:00:00,417.57
2021-04-14 03:00:00,418.02000000000004
2021-04-14 04:00:00,418.32
2021-04-14 05:00:00,418.72
2021-04-14 06:00:00,420.17
2021-04-14 07:00:00,421.02000000000004
2021-04-14 08:00:00,420.62
2021-04-15 02:00:00,423.27000000000004
2021-04-15 03:00:00,421.77000000000004
2021-04-15 04:00:00,420.67
2021-04-15 05:00:00,421.72
2021-04-15 06:00:00,422.52000000000004
2021-04-15 07:00:00,422.12
2021-04-15 08:00:00,421.22
2021-04-16 02:00:00,420.82
2021-04-16 03:00:00,420.47
2021-04-16 04:00:00,420.02000000000004
2021-04-16 05:00:00,420.12
2021-04-16 06:00:00,420.97
2021-04-16 07:00:00,421.67
2021-04-16 08:00:00,420.57
2021-04-19 02:00:00,422.82
2021-04-19 03:00:00,422.52000000000004
2021-04-19 04:00:00,422.57
2021-04-19 05:00:00,422.02000000000004
2021-04-19 06:00:00,422.57
2021-04-19 07:00:00,421.17
2021-04-19 08:00:00,421.12
2021-04-20 02:00:00,421.82
2021-04-20 03:00:00,423.22
2021-04-20 04:00:00,422.32
2021-04-20 05:00:00,423.57
2021-04-20 06:00:00,422.62
2021-04-20 07:00:00,423.62
2021-04-20 08:00:00,423.22
2021-04-21 02:00:00,418.02000000000004
2021-04-21 03:00:00,416.22
2021-04-21 04:00:00,415.92
2021-04-21 05:00:00,415.07
2021-04-21 06:00:00,415.07
2021-04-21 07:00:00,415.77000000000004
2021-04-21 08:00:00,415.47
2021-04-22 02:00:00,418.22
2021-04-22 03:00:00,417.22
2021-04-22 04:00:00,417.42
2021-04-22 05:00:00,418.07
2021-04-22 06:00:00,416.67
2021-04-22 07:00:00,416.37
2021-04-22 08:00:00,416.82
2021-04-23 02:00:00,415.07
2021-04-23 03:00:00,416.22
2021-04-23 04:00:00,416.92
2021-04-23 05:00:00,415.17
2021-04-23 06:00:00,416.97
2021-04-23 07:00:00,416.82
2021-04-23 08:00:00,416.52000000000004
2021-04-26 02:00:00,418.32
2021-04-26 03:00:00,419.12
2021-04-26 04:00:00,420.02000000000004
2021-04-26 05:00:00,419.92
2021-04-26 06:00:00,419.92
2021-04-26 07:00:00,419.17
2021-04-26 08:00:00,420.67
2021-04-27 02:00:00,419.92
2021-04-27 03:00:00,420.92
2021-04-27 04:00:00,419.92
2021-04-27 05:00:00,419.67
2021-04-27 06:00:00,419.67
2021-04-27 07:00:00,421.27000000000004
2021-04-27 08:00:00,421.27000000000004
2021-04-28 02:00:00,417.27000000000004
2021-04-28 03:00:00,416.92
2021-04-28 04:00:00,416.87
2021-04-28 05:00:00,416.47
2021-04-28 06:00:00,416.62
2021-04-28 07:00:00,416.17
2021-04-28 08:00:00,416.17
2021-04-29 02:00:00,415.82
2021-04-29 03:00:00,418.17
2021-04-29 04:00:00,417.77000000000004
2021-04-29 05:00:00,417.02000000000004
2021-04-29 06:00:00,416.77000000000004
2021-04-29 07:00:00,415.67
2021-04-29 08:00:00,415.27000000000004
2021-04-30 02:00:00,414.72
2021-04-30 03:00:00,412.22
2021-04-30 04:00:00,412.67
2021-04-30 05:00:00,412.57
2021-04-30 06:00:00,411.12
2021-04-30 07:00:00,411.57
2021-04-30 08:00:00,411.57
2021-05-03 02:00:00,414.07
2021-05-03 03:00:00,413.62
2021-05-03 04:00:00,411.57
2021-05-03 05:00:00,412.47
2021-05-03 06:00:00,410.37
2021-05-03 07:00:00,409.02000000000004
2021-05-03 08:00:00,409.47
2021-05-04 02:00:00,410.02000000000004
2021-05-04 03:00:00,409.97
2021-05-04 04:00:00,409.27000000000004
2021-05-04 05:00:00,409.32
2021-05-04 06:00:00,410.07
2021-05-04 07:00:00,411.92
2021-05-04 08:00:00,412.62
2021-05-04 23:00:00,412.87
2021-05-06 02:00:00,413.87
2021-05-06 03:00:00,415.07
2021-05-06 04:00:00,413.22
2021-05-06 05:00:00,413.57
2021-05-06 06:00:00,413.82
2021-05-06 07:00:00,415.27000000000004
2021-05-06 08:00:00,414.97
2021-05-07 02:00:00,416.67
2021-05-07 03:00:00,418.62
2021-05-07 04:00:00,418.72
2021-05-07 05:00:00,418.72
2021-05-07 06:00:00,419.27000000000004
2021-05-07 07:00:00,418.87
2021-05-07 08:00:00,418.72
2021-05-10 02:00:00,421.07
2021-05-10 03:00:00,423.07
2021-05-10 04:00:00,424.32
2021-05-10 05:00:00,424.12
2021-05-10 06:00:00,426.47
2021-05-10 07:00:00,426.17
2021-05-10 08:00:00,425.67
2021-05-11 02:00:00,417.82
2021-05-11 03:00:00,416.97
2021-05-11 04:00:00,417.47
2021-05-11 05:00:00,417.37
2021-05-11 06:00:00,416.32
2021-05-11 07:00:00,417.92
2021-05-11 08:00:00,417.62
2021-05-12 02:00:00,411.92
2021-05-12 03:00:00,412.67
2021-05-12 04:00:00,411.02
2021-05-12 05:00:00,407.72
2021-05-12 06:00:00,408.87
2021-05-12 07:00:00,409.62
2021-05-12 08:00:00,410.27
2021-05-18 03:00:00,412.67
2021-05-18 08:00:00,412.67
2021-05-18 23:00:00,412.33
2021-05-20 03:00:00,412.87
2021-05-20 07:00:00,411.07
2021-05-21 02:00:00,414.67
2021-05-21 03:00:00,416.31
2021-05-21 05:00:00,411.57
2021-05-21 07:00:00,410.87
2021-05-21 08:00:00,411.47
2021-05-24 02:00:00,411.57
2021-05-24 04:00:00,408.87
2021-05-24 06:00:00,409.97
2021-05-24 07:00:00,409.43
2021-05-24 08:00:00,409.57
2021-05-24 23:00:00,409.12
2021-05-27 02:00:00,410.27
2021-05-27 03:00:00,409.47
2021-05-27 04:00:00,409.97
2021-05-28 02:00:00,414.87
2021-05-31 02:00:00,414.01
2021-05-31 03:00:00,414.37
2021-05-31 05:00:00,414.17
2021-06-01 02:00:00,420.87
2021-06-01 03:00:00,421.37
2021-06-02 04:00:00,420.17
2021-06-02 05:00:00,419.37
2021-06-03 02:00:00,421.89
2021-06-03 04:00:00,423.87
2021-06-03 07:00:00,423.87
2021-06-04 03:00:00,419.87
2021-06-04 07:00:00,421.87
2021-06-04 23:00:00,421.72
2021-06-08 07:00:00,422.57
2021-06-09 02:00:00,420.55
2021-06-09 06:00:00,420.27
2021-06-09 07:00:00,418.87
2021-06-09 08:00:00,417.87
2021-06-10 03:00:00,419.05
2021-06-10 05:00:00,419.33
2021-06-10 06:00:00,420.07
2021-06-10 07:00:00,419.25
2021-06-11 07:00:00,422.07
2021-06-11 08:00:00,422.35
2021-06-14 07:00:00,422.07
2021-06-15 05:00:00,422.67
2021-06-16 02:00:00,425.23
2021-06-16 04:00:00,425.87
2021-06-16 05:00:00,425.77
2021-06-16 08:00:00,425.97
2021-06-17 02:00:00,421.87
2021-06-17 03:00:00,426.35
2021-06-17 06:00:00,423.87
2021-06-17 07:00:00,424.37
2021-06-18 02:00:00,425.37
2021-06-21 02:00:00,421.37
2021-06-21 03:00:00,418.63
2021-06-21 05:00:00,418.97
2021-06-21 08:00:00,420.23
2021-06-22 02:00:00,422.37
2021-06-22 03:00:00,422.77
2021-06-22 04:00:00,422.87
2021-06-22 07:00:00,423.27
2021-06-22 08:00:00,423.35
2021-06-23 02:00:00,424.87
2021-06-23 04:00:00,425.63
2021-06-23 06:00:00,425.87
2021-06-23 07:00:00,425.79
2021-06-23 08:00:00,425.73
2021-06-24 02:00:00,427.39
2021-06-24 03:00:00,428.17
2021-06-24 05:00:00,427.87
2021-06-24 07:00:00,426.87
2021-06-25 02:00:00,431.07
2021-06-25 03:00:00,430.99
2021-06-25 04:00:00,430.41
2021-06-25 05:00:00,429.87
2021-06-25 06:00:00,428.99
2021-06-25 07:00:00,429.53000000000003
2021-06-25 08:00:00,429.51
2021-06-28 02:00:00,429.33
2021-06-28 03:00:00,428.55
2021-06-28 04:00:00,428.81
2021-06-28 05:00:00,428.81
2021-06-28 06:00:00,428.57
2021-06-28 07:00:00,428.91
2021-06-28 08:00:00,428.97
2021-06-29 02:00:00,427.71
2021-06-29 03:00:00,426.87
2021-06-29 04:00:00,427.11
2021-06-29 05:00:00,426.69
2021-06-29 06:00:00,426.15
2021-06-29 07:00:00,426.87
2021-06-30 02:00:00,428.01
2021-06-30 03:00:00,429.37
2021-06-30 04:00:00,429.25
2021-06-30 06:00:00,429.67
2021-06-30 07:00:00,429.27
2021-06-30 08:00:00,428.67
2021-07-01 02:00:00,425.77
2021-07-01 03:00:00,425.73
2021-07-01 04:00:00,426.87
2021-07-01 05:00:00,425.25
2021-07-01 06:00:00,425.47
2021-07-01 07:00:00,425.67
2021-07-01 08:00:00,425.37
2021-07-02 02:00:00,427.31
2021-07-02 03:00:00,425.69
2021-07-02 04:00:00,425.69
2021-07-02 05:00:00,426.45
2021-07-02 06:00:00,425.21
2021-07-02 07:00:00,425.19
2021-07-02 08:00:00,425.13
2021-07-05 02:00:00,427.71
2021-07-05 04:00:00,428.21
2021-07-05 05:00:00,428.07
2021-07-05 07:00:00,427.37
2021-07-05 08:00:00,427.41
2021-07-06 02:00:00,430.17
2021-07-06 03:00:00,429.81
2021-07-06 04:00:00,429.05
2021-07-06 07:00:00,428.85
2021-07-06 08:00:00,429.15
2021-07-07 02:00:00,425.77
2021-07-07 03:00:00,426.17
2021-07-07 04:00:00,426.47
2021-07-07 05:00:00,426.89
2021-07-07 06:00:00,425.89
2021-07-07 07:00:00,426.17
2021-07-07 08:00:00,426.23
2021-07-08 02:00:00,426.87
2021-07-08 03:00:00,424.55
2021-07-08 04:00:00,423.59000000000003
2021-07-08 05:00:00,423.97
2021-07-08 06:00:00,423.39
2021-07-08 07:00:00,422.87
2021-07-08 08:00:00,421.33
2021-07-09 02:00:00,413.87
2021-07-09 03:00:00,413.47
2021-07-09 04:00:00,413.87
2021-07-09 05:00:00,414.27
2021-07-09 06:00:00,415.37
2021-07-09 07:00:00,415.87
2021-07-09 08:00:00,415.39
2021-07-12 02:00:00,420.87
2021-07-12 03:00:00,419.87
2021-07-12 04:00:00,420.89
2021-07-12 05:00:00,421.05
2021-07-12 06:00:00,420.79
2021-07-12 07:00:00,420.67
2021-07-12 08:00:00,421.07
2021-07-13 02:00:00,424.07
2021-07-13 03:00:00,424.47
2021-07-13 04:00:00,424.27
2021-07-13 05:00:00,424.59000000000003
2021-07-13 06:00:00,424.37
2021-07-13 07:00:00,424.73
2021-07-13 08:00:00,424.65
2021-07-13 23:00:00,424.65
2021-07-14 02:00:00,423.57
2021-07-14 03:00:00,422.67
2021-07-14 04:00:00,422.57
2021-07-14 05:00:00,422.93
2021-07-14 06:00:00,422.47
2021-07-14 07:00:00,423.17
2021-07-14 08:00:00,423.17
2021-07-15 02:00:00,423.75
2021-07-15 03:00:00,424.55
2021-07-15 04:00:00,424.37
2021-07-15 05:00:00,425.17
2021-07-15 06:00:00,425.57
2021-07-15 07:00:00,425.85
2021-07-15 08:00:00,426.35
2021-07-16 02:00:00,422.57
2021-07-16 03:00:00,422.75
2021-07-16 04:00:00,423.17
2021-07-16 05:00:00,423.23
2021-07-16 06:00:00,423.73
2021-07-16 07:00:00,424.17
2021-07-16 08:00:00,423.95
2021-07-19 02:00:00,418.97
2021-07-19 03:00:00,418.45
2021-07-19 04:00:00,418.67
2021-07-19 05:00:00,419.29
2021-07-19 06:00:00,419.03000000000003
2021-07-19 07:00:00,419.29
2021-07-19 08:00:00,419.27
2021-07-20 02:00:00,416.87
2021-07-20 03:00:00,417.87
2021-07-20 04:00:00,417.87
2021-07-20 05:00:00,416.57
2021-07-20 06:00:00,416.57
2021-07-20 07:00:00,417.49
2021-07-20 08:00:00,418.09000000000003
2021-07-21 02:00:00,418.07
2021-07-21 03:00:00,416.67
2021-07-21 04:00:00,415.35
2021-07-21 05:00:00,415.87
2021-07-21 06:00:00,415.11
2021-07-21 07:00:00,415.39
2021-07-21 08:00:00,415.27
2021-07-22 02:00:00,419.47
2021-07-22 03:00:00,420.77
2021-07-22 04:00:00,420.65
2021-07-22 05:00:00,421.41
2021-07-22 06:00:00,421.55
2021-07-22 07:00:00,420.63
2021-07-22 08:00:00,421.07
2021-07-23 02:00:00,422.37
2021-07-23 03:00:00,421.75
2021-07-23 04:00:00,421.47
2021-07-23 05:00:00,421.11
2021-07-23 06:00:00,421.37
2021-07-23 07:00:00,421.27
2021-07-23 08:00:00,421.43
2021-07-26 02:00:00,420.33
2021-07-26 03:00:00,419.57
2021-07-26 04:00:00,419.13
2021-07-26 05:00:00,418.59000000000003
2021-07-26 06:00:00,418.53000000000003
2021-07-26 07:00:00,417.41
2021-07-26 08:00:00,417.57
2021-07-27 02:00:00,419.19
2021-07-27 03:00:00,420.11
2021-07-27 04:00:00,419.65
2021-07-27 05:00:00,419.65
2021-07-27 06:00:00,420.19
2021-07-27 07:00:00,418.45
2021-07-27 08:00:00,418.07
2021-07-28 02:00:00,418.87
2021-07-28 03:00:00,417.97
2021-07-28 04:00:00,418.07
2021-07-28 05:00:00,417.17
2021-07-28 06:00:00,416.43
2021-07-28 07:00:00,417.37
2021-07-28 08:00:00,418.87
2021-07-29 02:00:00,420.53000000000003
2021-07-29 03:00:00,418.57
2021-07-29 04:00:00,419.85
2021-07-29 05:00:00,419.11
2021-07-29 06:00:00,418.77
2021-07-29 07:00:00,419.17
2021-07-29 08:00:00,419.53000000000003
2021-07-30 02:00:00,415.57
2021-07-30 03:00:00,415.23
2021-07-30 04:00:00,415.47
2021-07-30 05:00:00,414.77
2021-07-30 06:00:00,414.57
2021-07-30 07:00:00,413.87
2021-07-30 08:00:00,413.89
2021-08-02 02:00:00,415.67
2021-08-02 03:00:00,414.27
2021-08-02 04:00:00,415.37
2021-08-02 05:00:00,415.33
2021-08-02 06:00:00,416.23
2021-08-02 07:00:00,416.35
2021-08-02 08:00:00,416.39
2021-08-03 02:00:00,418.57
2021-08-03 03:00:00,417.97
2021-08-03 04:00:00,417.67
2021-08-03 05:00:00,418.33
2021-08-03 06:00:00,418.23
2021-08-03 07:00:00,419.57
2021-08-03 08:00:00,420.07
2021-08-04 02:00:00,421.57
2021-08-04 03:00:00,423.27
2021-08-04 04:00:00,424.87
2021-08-04 05:00:00,425.27
2021-08-04 06:00:00,426.37
2021-08-04 07:00:00,426.27
2021-08-04 08:00:00,426.19
2021-08-05 02:00:00,426.07
2021-08-05 03:00:00,424.93
2021-08-05 04:00:00,425.17
2021-08-05 05:00:00,425.37
2021-08-05 06:00:00,426.37
2021-08-05 07:00:00,425.81
2021-08-05 08:00:00,425.61
2021-08-06 02:00:00,424.49
2021-08-06 03:00:00,423.09000000000003
2021-08-06 04:00:00,423.11
2021-08-06 05:00:00,422.95
2021-08-06 06:00:00,423.07
2021-08-06 07:00:00,422.89
2021-08-06 08:00:00,423.59000000000003
2021-08-09 02:00:00,420.87
2021-08-09 03:00:00,421.45
2021-08-09 04:00:00,422.63
2021-08-09 05:00:00,422.41
2021-08-09 06:00:00,422.35
2021-08-09 07:00:00,421.99
2021-08-09 08:00:00,421.85
2021-08-10 02:00:00,419.89
2021-08-10 03:00:00,417.73
2021-08-10 04:00:00,418.27
2021-08-10 05:00:00,418.23
2021-08-10 06:00:00,417.73
2021-08-10 07:00:00,418.07
2021-08-10 08:00:00,418.87
2021-08-11 02:00:00,416.23
2021-08-11 03:00:00,416.65
2021-08-11 04:00:00,416.27
2021-08-11 05:00:00,415.77
2021-08-11 06:00:00,415.15
2021-08-11 07:00:00,414.91
2021-08-11 08:00:00,414.63
2021-08-12 02:00:00,413.27
2021-08-12 03:00:00,413.73
2021-08-12 04:00:00,414.13
2021-08-12 05:00:00,413.65
2021-08-12 06:00:00,412.91
2021-08-12 07:00:00,412.91
2021-08-12 08:00:00,413.37
2021-08-13 02:00:00,406.91
2021-08-13 03:00:00,404.51
2021-08-13 04:00:00,404.25
2021-08-13 05:00:00,404.77
2021-08-13 06:00:00,404.67
2021-08-13 07:00:00,405.29
2021-08-13 08:00:00,405.73
2021-08-13 23:00:00,405.97
2021-08-17 02:00:00,404.49
2021-08-17 03:00:00,403.39
2021-08-17 04:00:00,401.55
2021-08-17 05:00:00,401.13
2021-08-17 06:00:00,402.53000000000003
2021-08-17 07:00:00,401.19
2021-08-17 08:00:00,401.47
2021-08-18 02:00:00,401.17
2021-08-18 03:00:00,401.55
2021-08-18 04:00:00,404.51
2021-08-18 05:00:00,403.73
2021-08-18 06:00:00,404.67
2021-08-18 07:00:00,404.25
2021-08-18 08:00:00,402.95
2021-08-19 02:00:00,401.53000000000003
2021-08-19 03:00:00,399.15
2021-08-19 04:00:00,398.19
2021-08-19 05:00:00,397.85
2021-08-19 06:00:00,396.99
2021-08-19 07:00:00,396.95
2021-08-19 08:00:00,395.41
2021-08-20 02:00:00,397.19
2021-08-20 03:00:00,392.09000000000003
2021-08-20 04:00:00,391.77
2021-08-20 05:00:00,392.55
2021-08-20 06:00:00,392.23
2021-08-20 07:00:00,390.07
2021-08-20 08:00:00,390.89
2021-08-23 02:00:00,394.17
2021-08-23 03:00:00,396.75
2021-08-23 04:00:00,396.93
2021-08-23 05:00:00,396.85
2021-08-23 06:00:00,397.13
2021-08-23 07:00:00,395.49
2021-08-23 08:00:00,394.91
2021-08-24 01:00:00,401.19
2021-08-24 02:00:00,401.43
2021-08-24 03:00:00,402.11
2021-08-24 04:00:00,401.57
2021-08-24 05:00:00,400.77
2021-08-24 06:00:00,401.15
2021-08-24 07:00:00,402.31
2021-08-25 01:00:00,404.27
2021-08-25 02:00:00,402.15
2021-08-25 03:00:00,401.75
2021-08-25 04:00:00,401.29
2021-08-25 05:00:00,402.37
2021-08-25 06:00:00,403.07
2021-08-25 07:00:00,403.53000000000003
2021-08-26 01:00:00,404.11
2021-08-26 02:00:00,402.93
2021-08-26 03:00:00,401.35
2021-08-26 04:00:00,400.15
2021-08-26 05:00:00,400.13
2021-08-26 06:00:00,400.57
2021-08-26 07:00:00,400.51
2021-08-27 01:00:00,397.59000000000003
2021-08-27 02:00:00,399.89
2021-08-27 03:00:00,400.77
2021-08-27 04:00:00,400.51
2021-08-27 05:00:00,399.47
2021-08-27 06:00:00,400.33
2021-08-27 07:00:00,400.35
2021-08-30 01:00:00,401.33
2021-08-30 02:00:00,400.83
2021-08-30 03:00:00,401.45
2021-08-30 04:00:00,401.39
2021-08-30 05:00:00,401.17
2021-08-30 06:00:00,400.93
2021-08-30 07:00:00,401.67
2021-08-31 01:00:00,402.13
2021-08-31 02:00:00,400.25
2021-08-31 03:00:00,401.63
2021-08-31 04:00:00,404.29
2021-08-31 05:00:00,406.33
2021-08-31 06:00:00,408.13
2021-08-31 07:00:00,409.37
2021-09-01 01:00:00,407.67
2021-09-01 02:00:00,408.59000000000003
2021-09-01 03:00:00,409.39
2021-09-01 04:00:00,410.59000000000003
2021-09-01 05:00:00,409.13
2021-09-01 06:00:00,409.59000000000003
2021-09-01 07:00:00,409.93
2021-09-02 01:00:00,407.45
2021-09-02 02:00:00,406.67
2021-09-02 03:00:00,405.65
2021-09-02 04:00:00,406.25
2021-09-02 05:00:00,405.63
2021-09-02 06:00:00,406.65
2021-09-02 07:00:00,406.13
2021-09-03 01:00:00,408.85
2021-09-03 02:00:00,407.69
2021-09-03 03:00:00,409.35
2021-09-03 04:00:00,408.55
2021-09-03 05:00:00,409.09000000000003
2021-09-03 06:00:00,408.95
2021-09-03 07:00:00,408.97
2021-09-06 01:00:00,409.89
2021-09-06 02:00:00,410.27
2021-09-06 03:00:00,409.99
2021-09-06 04:00:00,409.89
2021-09-06 05:00:00,408.99
2021-09-06 06:00:00,409.55
2021-09-06 07:00:00,410.09000000000003
2021-09-07 01:00:00,406.93
2021-09-07 02:00:00,407.19
2021-09-07 03:00:00,407.37
2021-09-07 04:00:00,406.33
2021-09-07 05:00:00,407.15
2021-09-07 06:00:00,407.49
2021-09-07 07:00:00,408.01
2021-09-08 01:00:00,407.09000000000003
2021-09-08 02:00:00,406.23
2021-09-08 03:00:00,405.51
2021-09-08 04:00:00,404.01
2021-09-08 05:00:00,404.39
2021-09-08 06:00:00,404.67
2021-09-08 07:00:00,404.39
2021-09-09 01:00:00,404.39
2021-09-09 02:00:00,404.39
2021-09-09 03:00:00,404.39
2021-09-09 04:00:00,404.39
2021-09-09 05:00:00,404.39
2021-09-09 06:00:00,404.39
2021-09-09 07:00:00,404.39
2021-09-09 07:00:01,396.97
2021-09-09 07:00:02,396.97
2021-09-10 01:00:00,396.83000000000004
2021-09-10 02:00:00,398.05
2021-09-10 03:00:00,398.75
2021-09-10 04:00:00,398.87
2021-09-10 05:00:00,398.53000000000003
2021-09-10 06:00:00,398.81
2021-09-10 07:00:00,398.27000000000004
2021-09-13 01:00:00,400.29
2021-09-13 02:00:00,397.69
2021-09-13 03:00:00,398.63
2021-09-13 04:00:00,398.09000000000003
2021-09-13 05:00:00,397.95000000000005
2021-09-13 06:00:00,399.11
2021-09-13 07:00:00,399.41
2021-09-14 01:00:00,402.61
2021-09-14 02:00:00,403.67
2021-09-14 03:00:00,403.89000000000004
2021-09-14 04:00:00,403.81
2021-09-14 05:00:00,404.41
2021-09-14 06:00:00,403.37
2021-09-14 07:00:00,402.11
2021-09-15 01:00:00,402.87
2021-09-15 02:00:00,401.39000000000004
2021-09-15 03:00:00,403.81
2021-09-15 04:00:00,403.93
2021-09-15 05:00:00,404.13
2021-09-15 06:00:00,403.33000000000004
2021-09-15 07:00:00,402.95000000000005
2021-09-16 01:00:00,401.01
2021-09-16 02:00:00,399.21000000000004
2021-09-16 03:00:00,399.39000000000004
2021-09-16 04:00:00,399.01
2021-09-16 05:00:00,399.97
2021-09-16 06:00:00,399.19
2021-09-16 07:00:00,399.59000000000003
2021-09-17 01:00:00,398.09000000000003
2021-09-17 02:00:00,398.57
2021-09-17 03:00:00,399.75
2021-09-17 04:00:00,400.05
2021-09-17 05:00:00,400.15000000000003
2021-09-17 06:00:00,399.67
2021-09-17 07:00:00,400.35
2021-09-17 23:00:00,400.53000000000003
2021-09-23 01:00:00,398.81
2021-09-23 02:00:00,398.99
2021-09-23 03:00:00,399.11
2021-09-23 04:00:00,399.91
2021-09-23 05:00:00,399.97
2021-09-23 06:00:00,399.97
2021-09-23 07:00:00,399.47
2021-09-24 01:00:00,400.91
2021-09-24 02:00:00,399.65000000000003
2021-09-24 03:00:00,400.03000000000003
2021-09-24 04:00:00,399.47
2021-09-24 05:00:00,399.57
2021-09-24 06:00:00,399.39000000000004
2021-09-24 07:00:00,399.35
2021-09-27 01:00:00,401.19
2021-09-27 02:00:00,402.35
2021-09-27 03:00:00,402.05
2021-09-27 04:00:00,400.75
2021-09-27 05:00:00,400.17
2021-09-27 06:00:00,400.63
2021-09-27 07:00:00,400.53000000000003
2021-09-28 01:00:00,397.09000000000003
2021-09-28 02:00:00,396.93
2021-09-28 03:00:00,396.87
2021-09-28 04:00:00,396.87
2021-09-28 05:00:00,396.07
2021-09-28 06:00:00,396.01
2021-09-28 07:00:00,395.21000000000004
2021-09-29 01:00:00,389.95000000000005
2021-09-29 02:00:00,387.79
2021-09-29 03:00:00,386.73
2021-09-29 04:00:00,386.81
2021-09-29 05:00:00,388.85
2021-09-29 06:00:00,389.41
2021-09-29 07:00:00,389.57
2021-09-30 01:00:00,390.11
2021-09-30 02:00:00,390.15000000000003
2021-09-30 03:00:00,389.89000000000004
2021-09-30 04:00:00,392.21000000000004
2021-09-30 05:00:00,391.39000000000004
2021-09-30 06:00:00,391.31
2021-09-30 07:00:00,391.35
2021-10-01 01:00:00,386.45000000000005
2021-10-01 02:00:00,385.29
2021-10-01 03:00:00,384.59000000000003
2021-10-01 04:00:00,385.23
2021-10-01 05:00:00,384.23
2021-10-01 06:00:00,384.11
2021-10-01 07:00:00,384.01
2021-10-01 23:00:00,383.65000000000003
2021-10-05 01:00:00,376.79
2021-10-05 02:00:00,375.75
2021-10-05 03:00:00,377.41
2021-10-05 04:00:00,379.31
2021-10-05 05:00:00,377.79
2021-10-05 06:00:00,377.25
2021-10-05 07:00:00,378.29
2021-10-06 01:00:00,381.13
2021-10-06 02:00:00,375.61
2021-10-06 03:00:00,374.33000000000004
2021-10-06 04:00:00,375.23
2021-10-06 05:00:00,373.57
2021-10-06 06:00:00,373.97
2021-10-06 07:00:00,372.49
2021-10-07 01:00:00,377.07
2021-10-07 02:00:00,377.91
2021-10-07 03:00:00,378.49
2021-10-07 04:00:00,377.83000000000004
2021-10-07 05:00:00,377.49
2021-10-07 06:00:00,377.77000000000004
2021-10-07 07:00:00,378.27000000000004
2021-10-08 01:00:00,379.75
2021-10-08 02:00:00,378.37
2021-10-08 03:00:00,379.31
2021-10-08 04:00:00,378.15000000000003
2021-10-08 05:00:00,376.99
2021-10-08 06:00:00,377.05
2021-10-08 07:00:00,377.83000000000004
2021-10-08 23:00:00,377.97
2021-10-12 01:00:00,370.41
2021-10-12 02:00:00,370.89000000000004
2021-10-12 03:00:00,370.63
2021-10-12 04:00:00,370.45000000000005
2021-10-12 05:00:00,371.05
2021-10-12 06:00:00,371.29
2021-10-12 07:00:00,370.55
2021-10-12 07:00:01,370.55
2021-10-13 01:00:00,375.37
2021-10-13 02:00:00,375.41
2021-10-13 03:00:00,374.83
2021-10-13 04:00:00,375.01
2021-10-13 05:00:00,374.95
2021-10-13 06:00:00,375.09000000000003
2021-10-13 07:00:00,374.59000000000003
2021-10-14 01:00:00,379.19
2021-10-14 02:00:00,378.71
2021-10-14 03:00:00,378.95
2021-10-14 04:00:00,378.97
2021-10-14 05:00:00,378.37
2021-10-14 06:00:00,379.59000000000003
2021-10-14 07:00:00,379.31
2021-10-15 01:00:00,383.13
2021-10-15 02:00:00,383.29
2021-10-15 03:00:00,383.51
2021-10-15 04:00:00,383.87
2021-10-15 05:00:00,383.77
2021-10-15 06:00:00,383.83
2021-10-15 07:00:00,384.03000000000003
2021-10-18 01:00:00,382.19
2021-10-18 02:00:00,382.69
2021-10-18 03:00:00,383.05
2021-10-18 04:00:00,383.89
2021-10-18 05:00:00,382.53000000000003
2021-10-18 06:00:00,382.91
2021-10-18 07:00:00,382.97
2021-10-19 01:00:00,384.75
2021-10-19 02:00:00,385.47
2021-10-19 03:00:00,385.59000000000003
2021-10-19 04:00:00,385.65
2021-10-19 05:00:00,385.65
2021-10-19 06:00:00,385.65
2021-10-19 07:00:00,385.93
2021-10-20 01:00:00,386.73
2021-10-20 02:00:00,385.37
2021-10-20 03:00:00,385.79
2021-10-20 04:00:00,385.71
2021-10-20 05:00:00,385.17
2021-10-20 06:00:00,384.43
2021-10-20 07:00:00,384.23
2021-10-21 01:00:00,384.17
2021-10-21 02:00:00,385.31
2021-10-21 03:00:00,385.47
2021-10-21 04:00:00,384.79
2021-10-21 05:00:00,384.17
2021-10-21 06:00:00,383.13
2021-10-21 07:00:00,383.69
2021-10-22 01:00:00,383.37
2021-10-22 02:00:00,384.09000000000003
2021-10-22 03:00:00,383.85
2021-10-22 04:00:00,384.89
2021-10-22 05:00:00,384.19
2021-10-22 06:00:00,383.13
2021-10-22 07:00:00,384.09000000000003
2021-10-25 01:00:00,383.67
2021-10-25 02:00:00,384.09000000000003
2021-10-25 03:00:00,384.91
2021-10-25 04:00:00,385.45
2021-10-25 05:00:00,385.37
2021-10-25 06:00:00,385.91
2021-10-25 07:00:00,385.63
2021-10-26 01:00:00,387.81
2021-10-26 02:00:00,388.03000000000003
2021-10-26 03:00:00,388.29
2021-10-26 04:00:00,388.17
2021-10-26 05:00:00,389.35
2021-10-26 06:00:00,389.73
2021-10-26 07:00:00,389.51
2021-10-27 01:00:00,386.63
2021-10-27 02:00:00,385.79
2021-10-27 03:00:00,385.85
2021-10-27 04:00:00,385.09000000000003
2021-10-27 05:00:00,385.71
2021-10-27 06:00:00,386.49
2021-10-27 07:00:00,385.89
2021-10-28 01:00:00,386.55
2021-10-28 02:00:00,386.53000000000003
2021-10-28 03:00:00,385.59000000000003
2021-10-28 04:00:00,386.43
2021-10-28 05:00:00,386.87
2021-10-28 06:00:00,386.21
2021-10-28 07:00:00,384.83
2021-10-29 01:00:00,382.47
2021-10-29 02:00:00,381.13
2021-10-29 03:00:00,381.85
2021-10-29 04:00:00,381.71
2021-10-29 05:00:00,380.63
2021-10-29 06:00:00,378.85
2021-10-29 07:00:00,378.79
2021-11-01 01:00:00,381.09000000000003
2021-11-01 02:00:00,381.63
2021-11-01 03:00:00,381.41
2021-11-01 04:00:00,381.21
2021-11-01 05:00:00,381.13
2021-11-01 06:00:00,380.55
2021-11-01 23:00:00,381.41
2021-11-02 01:00:00,387.93
2021-11-02 02:00:00,387.47
2021-11-02 03:00:00,387.17
2021-11-02 04:00:00,386.23
2021-11-02 05:00:00,385.63
2021-11-02 06:00:00,385.63
2021-11-02 23:00:00,386.89
2021-11-03 01:00:00,381.89
2021-11-03 02:00:00,379.87
2021-11-03 03:00:00,379.23
2021-11-03 04:00:00,380.09000000000003
2021-11-03 05:00:00,379.49
2021-11-03 06:00:00,379.45
2021-11-03 23:00:00,383.19
2021-11-04 01:00:00,383.53000000000003
2021-11-04 02:00:00,383.83
2021-11-04 03:00:00,383.19
2021-11-04 04:00:00,382.35
2021-11-04 05:00:00,381.71
2021-11-04 06:00:00,382.51
2021-11-04 23:00:00,385.37
2021-11-05 01:00:00,378.53000000000003
2021-11-05 02:00:00,380.89
2021-11-05 03:00:00,379.57
2021-11-05 04:00:00,380.01
2021-11-05 05:00:00,379.81
2021-11-05 06:00:00,380.71
2021-11-05 23:00:00,379.53000000000003
2021-11-08 01:00:00,376.59000000000003
2021-11-08 02:00:00,377.39
2021-11-08 03:00:00,376.87
2021-11-08 04:00:00,378.39
2021-11-08 05:00:00,380.99
2021-11-08 06:00:00,380.07
2021-11-08 23:00:00,376.17
2021-11-09 01:00:00,379.59000000000003
2021-11-09 02:00:00,379.49
2021-11-09 03:00:00,379.03000000000003
2021-11-09 04:00:00,379.81
2021-11-09 05:00:00,380.25
2021-11-09 06:00:00,380.61
2021-11-09 23:00:00,379.63
2021-11-10 01:00:00,378.13
2021-11-10 02:00:00,377.09000000000003
2021-11-10 03:00:00,377.33
2021-11-10 04:00:00,376.79
2021-11-10 05:00:00,376.69
2021-11-10 06:00:00,376.45
2021-11-10 23:00:00,376.45
2021-11-11 01:00:00,376.45
2021-11-11 02:00:00,376.45
2021-11-11 03:00:00,376.45
2021-11-11 04:00:00,376.45
2021-11-11 05:00:00,376.45
2021-11-11 06:00:00,376.45
2021-11-11 23:00:00,376.45
2021-11-12 01:00:00,376.45
2021-11-12 02:00:00,376.45
2021-11-12 03:00:00,376.45
2021-11-12 04:00:00,376.45
2021-11-12 05:00:00,376.45
2021-11-12 06:00:00,376.45
2021-11-12 06:00:01,381.01
2021-11-12 06:00:02,381.01
2021-11-12 23:00:00,380.07
2021-11-15 01:00:00,385.40999999999997
2021-11-15 02:00:00,385.15
2021-11-15 03:00:00,384.93
2021-11-15 04:00:00,385.15
2021-11-15 05:00:00,385.49
2021-11-15 06:00:00,385.05
2021-11-15 23:00:00,385.07
2021-11-16 01:00:00,386.77
2021-11-16 02:00:00,385.13
2021-11-16 03:00:00,385.29
2021-11-16 04:00:00,384.27
2021-11-16 05:00:00,384.25
2021-11-16 06:00:00,384.51
2021-11-16 23:00:00,385.53
2021-11-17 01:00:00,381.01
2021-11-17 02:00:00,380.39
2021-11-17 03:00:00,380.21
2021-11-17 04:00:00,380.40999999999997
2021-11-17 05:00:00,379.21
2021-11-17 06:00:00,379.81
2021-11-17 23:00:00,381.71
2021-11-18 01:00:00,378.15
2021-11-18 02:00:00,379.05
2021-11-18 03:00:00,379.95
2021-11-18 04:00:00,379.31
2021-11-18 05:00:00,378.87
2021-11-18 06:00:00,378.79
2021-11-19 01:00:00,378.46999999999997
2021-11-19 02:00:00,379.39
2021-11-19 03:00:00,378.95
2021-11-19 04:00:00,380.01
2021-11-19 05:00:00,381.03
2021-11-19 06:00:00,380.75
2021-11-19 23:00:00,378.49
2021-11-22 01:00:00,386.89
2021-11-22 02:00:00,388.17
2021-11-22 03:00:00,388.51
2021-11-22 04:00:00,388.23
2021-11-22 05:00:00,389.93
2021-11-22 06:00:00,389.59
2021-11-22 23:00:00,385.69
2021-11-23 01:00:00,386.34999999999997
2021-11-23 02:00:00,387.05
2021-11-23 03:00:00,387.07
2021-11-23 04:00:00,386.31
2021-11-23 05:00:00,386.29
2021-11-23 06:00:00,386.33
2021-11-23 23:00:00,387.29
2021-11-24 01:00:00,385.46999999999997
2021-11-24 02:00:00,384.34999999999997
2021-11-24 03:00:00,384.34999999999997
2021-11-24 04:00:00,384.07
2021-11-24 05:00:00,385.21
2021-11-24 06:00:00,385.57
2021-11-24 23:00:00,386.37
2021-11-25 01:00:00,382.43
2021-11-25 02:00:00,382.81
2021-11-25 03:00:00,382.99
2021-11-25 04:00:00,382.51
2021-11-25 05:00:00,382.65
2021-11-25 06:00:00,382.57
2021-11-25 23:00:00,383.29
2021-11-26 01:00:00,377.99
2021-11-26 02:00:00,376.13
2021-11-26 03:00:00,375.49
2021-11-26 04:00:00,375.19
2021-11-26 05:00:00,374.79
2021-11-26 06:00:00,374.87
2021-11-26 23:00:00,379.37
2021-11-29 01:00:00,374.40999999999997
2021-11-29 02:00:00,373.79
2021-11-29 03:00:00,373.13
2021-11-29 04:00:00,373.59
2021-11-29 05:00:00,371.87
2021-11-29 06:00:00,372.33
2021-11-29 23:00:00,373.13
2021-11-30 01:00:00,370.51
2021-11-30 02:00:00,368.27
2021-11-30 03:00:00,367.84999999999997
2021-11-30 04:00:00,368.63
2021-11-30 05:00:00,363.93
2021-11-30 06:00:00,364.03
2021-11-30 23:00:00,373.71
2021-12-01 01:00:00,368.71
2021-12-01 02:00:00,370.71
2021-12-01 03:00:00,372.31
2021-12-01 04:00:00,372.83
2021-12-01 05:00:00,373.11
2021-12-01 06:00:00,373.27
2021-12-01 23:00:00,367.23
2021-12-02 01:00:00,377.09
2021-12-02 02:00:00,377.73
2021-12-02 03:00:00,377.40999999999997
2021-12-02 04:00:00,377.61
2021-12-02 05:00:00,379.01
2021-12-02 06:00:00,379.03
2021-12-02 23:00:00,373.53
2021-12-03 01:00:00,377.29
2021-12-03 02:00:00,380.01
2021-12-03 03:00:00,382.15
2021-12-03 04:00:00,382.15
2021-12-03 05:00:00,382.23
2021-12-03 06:00:00,382.29
2021-12-03 23:00:00,376.99
2021-12-06 01:00:00,381.73
2021-12-06 02:00:00,382.39
2021-12-06 03:00:00,382.49
2021-12-06 04:00:00,383.84999999999997
2021-12-06 05:00:00,383.57
2021-12-06 06:00:00,382.49
2021-12-06 23:00:00,378.99
2021-12-07 01:00:00,383.34999999999997
2021-12-07 02:00:00,383.45
2021-12-07 03:00:00,384.33
2021-12-07 04:00:00,385.65
2021-12-07 05:00:00,386.23
2021-12-07 06:00:00,386.13
2021-12-07 23:00:00,381.77
2021-12-08 01:00:00,389.75
2021-12-08 02:00:00,390.05
2021-12-08 03:00:00,389.39
2021-12-08 04:00:00,388.43
2021-12-08 05:00:00,388.03
2021-12-08 06:00:00,387.95
2021-12-08 23:00:00,387.95
2021-12-09 01:00:00,387.95
2021-12-09 02:00:00,387.95
2021-12-09 03:00:00,387.95
2021-12-09 04:00:00,387.95
2021-12-09 05:00:00,387.95
2021-12-09 06:00:00,387.95
2021-12-09 23:00:00,387.95
2021-12-10 01:00:00,387.95
2021-12-10 02:00:00,387.95
2021-12-10 03:00:00,387.95
2021-12-10 04:00:00,387.95
2021-12-10 05:00:00,387.95
2021-12-10 06:00:00,387.95
2021-12-10 06:00:01,387.23
2021-12-10 06:00:02,387.23
2021-12-10 23:00:00,386.65
2021-12-13 01:00:00,391.85
2021-12-13 02:00:00,390.39
2021-12-13 03:00:00,389.37
2021-12-13 04:00:00,389.11
2021-12-13 05:00:00,387.25
2021-12-13 06:00:00,387.57
2021-12-13 23:00:00,392.51
2021-12-14 01:00:00,385.95
2021-12-14 02:00:00,383.83
2021-12-14 03:00:00,384.09000000000003
2021-12-14 04:00:00,384.03000000000003
2021-12-14 05:00:00,385.19
2021-12-14 06:00:00,384.61
2021-12-14 23:00:00,385.27
2021-12-15 01:00:00,384.31
2021-12-15 02:00:00,383.23
2021-12-15 03:00:00,383.67
2021-12-15 04:00:00,383.95
2021-12-15 05:00:00,384.81
2021-12-15 06:00:00,384.83
2021-12-15 23:00:00,384.03000000000003
2021-12-16 01:00:00,385.45
2021-12-16 02:00:00,385.91
2021-12-16 03:00:00,385.51
2021-12-16 04:00:00,385.89
2021-12-16 05:00:00,386.41
2021-12-16 06:00:00,387.19
2021-12-16 23:00:00,386.91
2021-12-17 01:00:00,387.31
2021-12-17 02:00:00,387.55
2021-12-17 03:00:00,385.53000000000003
2021-12-17 04:00:00,387.09000000000003
2021-12-17 05:00:00,387.79
2021-12-17 06:00:00,387.85
2021-12-17 23:00:00,387.49
2021-12-20 01:00:00,382.83
2021-12-20 02:00:00,381.73
2021-12-20 03:00:00,380.09000000000003
2021-12-20 04:00:00,380.71
2021-12-20 05:00:00,379.83
2021-12-20 06:00:00,380.45
2021-12-20 23:00:00,384.61
2021-12-21 01:00:00,384.15
2021-12-21 02:00:00,382.73
2021-12-21 03:00:00,383.57
2021-12-21 04:00:00,384.25
2021-12-21 05:00:00,383.99
2021-12-21 06:00:00,383.31
2021-12-21 23:00:00,381.07
2021-12-22 01:00:00,385.05
2021-12-22 02:00:00,384.67
2021-12-22 03:00:00,384.77
2021-12-22 04:00:00,385.03000000000003
2021-12-22 05:00:00,385.07
2021-12-22 06:00:00,385.45
2021-12-22 23:00:00,385.25
2021-12-23 01:00:00,386.87
2021-12-23 02:00:00,387.53000000000003
2021-12-23 03:00:00,386.99
2021-12-23 04:00:00,386.65
2021-12-23 05:00:00,387.45
2021-12-23 06:00:00,387.27
2021-12-23 23:00:00,386.11
2021-12-24 01:00:00,390.25
2021-12-24 02:00:00,390.61
2021-12-24 03:00:00,390.87
2021-12-24 04:00:00,390.65
2021-12-24 05:00:00,390.47
2021-12-24 06:00:00,390.31
2021-12-24 23:00:00,390.65
2021-12-27 01:00:00,389.23
2021-12-27 02:00:00,389.47
2021-12-27 03:00:00,388.99
2021-12-27 04:00:00,388.51
2021-12-27 05:00:00,388.31
2021-12-27 06:00:00,388.03000000000003
2021-12-27 23:00:00,388.33
2021-12-28 01:00:00,387.87
2021-12-28 02:00:00,387.95
2021-12-28 03:00:00,388.69
2021-12-28 04:00:00,388.49
2021-12-28 05:00:00,390.55
2021-12-28 06:00:00,391.15
2021-12-28 23:00:00,388.73
2021-12-29 01:00:00,390.29
2021-12-29 02:00:00,391.03000000000003
2021-12-29 03:00:00,390.61
2021-12-29 04:00:00,391.19
2021-12-29 05:00:00,391.25
2021-12-29 06:00:00,390.23
2021-12-29 23:00:00,392.59000000000003
2021-12-30 01:00:00,390.69
2021-12-30 02:00:00,388.91
2021-12-30 03:00:00,388.13
2021-12-30 04:00:00,388.65
2021-12-30 05:00:00,387.63
2021-12-30 06:00:00,388.01
2021-12-30 23:00:00,389.61
2022-01-03 01:00:00,389.75
2022-01-03 02:00:00,389.35
2022-01-03 03:00:00,388.51
2022-01-03 04:00:00,389.79
2022-01-03 05:00:00,389.01
2022-01-03 06:00:00,389.25
2022-01-04 01:00:00,387.27
2022-01-04 02:00:00,387.77
2022-01-04 03:00:00,388.01
2022-01-04 04:00:00,388.13
2022-01-04 05:00:00,389.21
2022-01-04 06:00:00,388.71
2022-01-04 23:00:00,389.61
2022-01-05 01:00:00,382.89
2022-01-05 02:00:00,382.61
2022-01-05 03:00:00,382.61
2022-01-05 04:00:00,381.63
2022-01-05 05:00:00,381.83
2022-01-05 06:00:00,383.13
2022-01-05 23:00:00,384.49
2022-01-06 01:00:00,383.67
2022-01-06 02:00:00,382.67
2022-01-06 03:00:00,381.43
2022-01-06 04:00:00,380.97
2022-01-06 05:00:00,380.59000000000003
2022-01-06 06:00:00,379.57
2022-01-06 23:00:00,381.87
2022-01-07 01:00:00,384.81
2022-01-07 02:00:00,384.09000000000003
2022-01-07 03:00:00,384.21
2022-01-07 04:00:00,384.97
2022-01-07 05:00:00,384.39
2022-01-07 06:00:00,384.63
2022-01-07 23:00:00,384.49
2022-01-10 01:00:00,380.91
2022-01-10 02:00:00,380.43
2022-01-10 03:00:00,381.09000000000003
2022-01-10 04:00:00,381.43
2022-01-10 05:00:00,381.33
2022-01-10 06:00:00,381.35
2022-01-10 23:00:00,379.11
2022-01-11 01:00:00,380.71
2022-01-11 02:00:00,382.53000000000003
2022-01-11 03:00:00,382.53000000000003
2022-01-11 04:00:00,382.63
2022-01-11 05:00:00,382.89
2022-01-11 06:00:00,382.71
2022-01-11 06:00:01,382.71
2022-01-11 23:00:00,383.09
2022-01-12 01:00:00,387.72999999999996
2022-01-12 02:00:00,388.40999999999997
2022-01-12 03:00:00,388.46999999999997
2022-01-12 04:00:00,388.77
2022-01-12 05:00:00,389.10999999999996
2022-01-12 06:00:00,389.07
2022-01-12 23:00:00,387.19
2022-01-13 01:00:00,388.53
2022-01-13 02:00:00,388.10999999999996
2022-01-13 03:00:00,387.66999999999996
2022-01-13 04:00:00,387.83
2022-01-13 05:00:00,386.84999999999997
2022-01-13 06:00:00,386.77
2022-01-13 23:00:00,389.30999999999995
2022-01-14 01:00:00,381.63
2022-01-14 02:00:00,381.15
2022-01-14 03:00:00,380.92999999999995
2022-01-14 04:00:00,381.07
2022-01-14 05:00:00,381.03
2022-01-14 06:00:00,381.01
2022-01-14 23:00:00,383.19
2022-01-17 01:00:00,377.21
2022-01-17 02:00:00,377.53
2022-01-17 03:00:00,377.19
2022-01-17 04:00:00,376.53
2022-01-17 05:00:00,376.09
2022-01-17 06:00:00,378.65
2022-01-17 23:00:00,379.16999999999996
2022-01-18 01:00:00,378.10999999999996
2022-01-18 02:00:00,378.48999999999995
2022-01-18 03:00:00,375.80999999999995
2022-01-18 04:00:00,375.60999999999996
2022-01-18 05:00:00,375.09
2022-01-18 06:00:00,374.96999999999997
2022-01-18 23:00:00,379.48999999999995
2022-01-19 01:00:00,375.01
2022-01-19 02:00:00,373.36999999999995
2022-01-19 03:00:00,372.15
2022-01-19 04:00:00,372.16999999999996
2022-01-19 05:00:00,371.89
2022-01-19 06:00:00,372.53
2022-01-19 23:00:00,374.45
2022-01-20 01:00:00,373.04999999999995
2022-01-20 02:00:00,372.51
2022-01-20 03:00:00,374.33
2022-01-20 04:00:00,373.89
2022-01-20 05:00:00,374.07
2022-01-20 06:00:00,374.42999999999995
2022-01-20 23:00:00,372.24999999999994
2022-01-21 01:00:00,370.21
2022-01-21 02:00:00,369.40999999999997
2022-01-21 03:00:00,368.69
2022-01-21 04:00:00,368.39
2022-01-21 05:00:00,369.86999999999995
2022-01-21 06:00:00,370.77
2022-01-21 23:00:00,370.65
2022-01-24 01:00:00,365.36999999999995
2022-01-24 02:00:00,364.46999999999997
2022-01-24 03:00:00,365.78999999999996
2022-01-24 04:00:00,365.45
2022-01-24 05:00:00,365.48999999999995
2022-01-24 06:00:00,365.86999999999995
2022-01-24 23:00:00,365.74999999999994
2022-01-25 01:00:00,358.66999999999996
2022-01-25 02:00:00,356.66999999999996
2022-01-25 03:00:00,355.77
2022-01-25 04:00:00,355.07
2022-01-25 05:00:00,357.30999999999995
2022-01-25 06:00:00,356.21
2022-01-25 23:00:00,358.66999999999996
2022-01-26 01:00:00,357.74999999999994
2022-01-26 02:00:00,356.66999999999996
2022-01-26 03:00:00,357.36999999999995
2022-01-26 04:00:00,357.63
2022-01-26 05:00:00,355.95
2022-01-26 06:00:00,355.27
2022-01-26 23:00:00,357.33
2022-01-27 01:00:00,346.33
2022-01-27 02:00:00,345.84999999999997
2022-01-27 03:00:00,344.10999999999996
2022-01-27 04:00:00,344.92999999999995
2022-01-27 05:00:00,344.33
2022-01-27 06:00:00,342.96999999999997
2022-01-27 23:00:00,350.57
2022-01-28 01:00:00,347.74999999999994
2022-01-28 02:00:00,351.10999999999996
2022-01-28 03:00:00,351.53
2022-01-28 04:00:00,350.96999999999997
2022-01-28 05:00:00,351.95
2022-01-28 06:00:00,352.15
2022-01-28 23:00:00,345.01
2022-02-03 01:00:00,357.74999999999994
2022-02-03 02:00:00,358.30999999999995
2022-02-03 03:00:00,358.77
2022-02-03 04:00:00,358.80999999999995
2022-02-03 05:00:00,358.13
2022-02-03 06:00:00,356.10999999999996
2022-02-03 23:00:00,358.84999999999997
2022-02-04 01:00:00,356.83
2022-02-04 02:00:00,358.13
2022-02-04 03:00:00,357.84999999999997
2022-02-04 04:00:00,359.33
2022-02-04 05:00:00,360.40999999999997
2022-02-04 06:00:00,360.40999999999997
2022-02-04 23:00:00,359.74999999999994
2022-02-07 01:00:00,354.51
2022-02-07 02:00:00,354.34999999999997
2022-02-07 03:00:00,355.69
2022-02-07 04:00:00,357.22999999999996
2022-02-07 05:00:00,357.10999999999996
2022-02-07 06:00:00,357.71
2022-02-07 23:00:00,356.01
2022-02-08 01:00:00,359.77
2022-02-08 02:00:00,360.28999999999996
2022-02-08 03:00:00,359.69
2022-02-08 04:00:00,358.72999999999996
2022-02-08 05:00:00,356.92999999999995
2022-02-08 06:00:00,357.77
2022-02-08 23:00:00,360.83
2022-02-09 01:00:00,361.89
2022-02-09 02:00:00,361.27
2022-02-09 03:00:00,361.71
2022-02-09 04:00:00,362.42999999999995
2022-02-09 05:00:00,362.40999999999997
2022-02-09 06:00:00,363.51
2022-02-09 23:00:00,361.48999999999995
2022-02-10 01:00:00,364.72999999999996
2022-02-10 02:00:00,364.86999999999995
2022-02-10 03:00:00,365.57
2022-02-10 04:00:00,365.98999999999995
2022-02-10 05:00:00,366.60999999999996
2022-02-10 06:00:00,366.71
2022-02-10 23:00:00,366.71
2022-02-11 01:00:00,366.71
2022-02-11 02:00:00,366.71
2022-02-11 03:00:00,366.71
2022-02-11 04:00:00,366.71
2022-02-11 05:00:00,366.71
2022-02-11 06:00:00,366.71
2022-02-11 06:00:01,362.90999999999997
2022-02-11 06:00:02,362.90999999999997
2022-02-11 23:00:00,362.15
2022-02-14 01:00:00,355.65
2022-02-14 02:00:00,356.90999999999997
2022-02-14 03:00:00,357.51
2022-02-14 04:00:00,357.87
2022-02-14 05:00:00,357.27
2022-02-14 06:00:00,358.22999999999996
2022-02-14 23:00:00,358.15
2022-02-15 01:00:00,358.25
2022-02-15 02:00:00,357.78999999999996
2022-02-15 03:00:00,357.22999999999996
2022-02-15 04:00:00,355.63
2022-02-15 05:00:00,354.81
2022-02-15 06:00:00,355.15
2022-02-15 23:00:00,358.01
2022-02-16 01:00:00,360.25
2022-02-16 02:00:00,361.43
2022-02-16 03:00:00,361.19
2022-02-16 04:00:00,361.99
2022-02-16 05:00:00,362.01
2022-02-16 06:00:00,361.99
2022-02-16 23:00:00,360.37
2022-02-17 01:00:00,366.43
2022-02-17 02:00:00,366.99
2022-02-17 03:00:00,363.16999999999996
2022-02-17 04:00:00,364.95
2022-02-17 05:00:00,365.81
2022-02-17 06:00:00,364.63
2022-02-17 23:00:00,365.46999999999997
2022-02-18 01:00:00,363.40999999999997
2022-02-18 02:00:00,362.53
2022-02-18 03:00:00,363.03
2022-02-18 04:00:00,363.46999999999997
2022-02-18 05:00:00,363.33
2022-02-18 06:00:00,363.16999999999996
2022-02-18 23:00:00,360.13
2022-02-21 01:00:00,360.66999999999996
2022-02-21 02:00:00,361.63
2022-02-21 03:00:00,361.10999999999996
2022-02-21 04:00:00,362.40999999999997
2022-02-21 05:00:00,362.39
2022-02-21 06:00:00,363.53
2022-02-21 23:00:00,359.10999999999996
2022-02-22 01:00:00,356.83
2022-02-22 02:00:00,355.95
2022-02-22 03:00:00,355.87
2022-02-22 04:00:00,356.46999999999997
2022-02-22 05:00:00,358.03
2022-02-22 06:00:00,358.59
2022-02-22 23:00:00,359.39
2022-02-23 01:00:00,358.69
2022-02-23 02:00:00,358.21
2022-02-23 03:00:00,358.69
2022-02-23 04:00:00,359.28999999999996
2022-02-23 05:00:00,359.28999999999996
2022-02-23 06:00:00,359.13
2022-02-23 23:00:00,359.60999999999996
2022-02-24 01:00:00,353.60999999999996
2022-02-24 02:00:00,351.45
2022-02-24 03:00:00,349.28999999999996
2022-02-24 04:00:00,350.49
2022-02-24 05:00:00,349.46999999999997
2022-02-24 06:00:00,349.16999999999996
2022-02-24 23:00:00,352.40999999999997
2022-02-25 01:00:00,353.33
2022-02-25 02:00:00,353.40999999999997
2022-02-25 03:00:00,353.31
2022-02-25 04:00:00,353.84999999999997
2022-02-25 05:00:00,353.43
2022-02-25 06:00:00,353.49
2022-02-25 23:00:00,354.75
2022-02-28 01:00:00,352.83
2022-02-28 02:00:00,352.40999999999997
2022-02-28 03:00:00,352.54999999999995
2022-02-28 04:00:00,353.22999999999996
2022-02-28 05:00:00,355.10999999999996
2022-02-28 06:00:00,355.96999999999997
2022-02-28 23:00:00,352.28999999999996
2022-03-02 01:00:00,355.37
2022-03-02 02:00:00,355.09
2022-03-02 03:00:00,355.63
2022-03-02 04:00:00,357.34999999999997
2022-03-02 05:00:00,356.63
2022-03-02 06:00:00,355.54999999999995
2022-03-02 23:00:00,354.77
2022-03-03 01:00:00,360.63
2022-03-03 02:00:00,361.59
2022-03-03 03:00:00,361.19
2022-03-03 04:00:00,360.90999999999997
2022-03-03 05:00:00,361.45
2022-03-03 06:00:00,361.59
2022-03-03 23:00:00,359.69
2022-03-04 01:00:00,356.37
2022-03-04 02:00:00,356.03
2022-03-04 03:00:00,355.71
2022-03-04 04:00:00,355.66999999999996
2022-03-04 05:00:00,356.40999999999997
2022-03-04 06:00:00,355.75
2022-03-04 23:00:00,355.31
2022-03-07 01:00:00,345.60999999999996
2022-03-07 02:00:00,346.01
2022-03-07 03:00:00,346.87
2022-03-07 04:00:00,347.75
2022-03-07 05:00:00,347.72999999999996
2022-03-07 06:00:00,347.59
2022-03-07 23:00:00,347.84999999999997
2022-03-08 01:00:00,345.77
2022-03-08 02:00:00,344.59
2022-03-08 03:00:00,345.25
2022-03-08 04:00:00,344.57
2022-03-08 05:00:00,344.40999999999997
2022-03-08 06:00:00,343.16999999999996
2022-03-08 06:00:01,343.16999999999996
2022-03-08 23:00:00,346.03
2022-03-10 01:00:00,351.83
2022-03-10 02:00:00,352.28999999999996
2022-03-10 03:00:00,351.75
2022-03-10 04:00:00,351.03
2022-03-10 05:00:00,350.83
2022-03-10 06:00:00,351.69
2022-03-10 06:00:01,351.69
2022-03-10 23:00:00,352.59000000000003
2022-03-11 01:00:00,349.23
2022-03-11 02:00:00,348.39
2022-03-11 03:00:00,348.79
2022-03-11 04:00:00,348.53000000000003
2022-03-11 05:00:00,349.97
2022-03-11 06:00:00,350.33
2022-03-11 23:00:00,349.35
2022-03-14 01:00:00,349.27
2022-03-14 02:00:00,348.63
2022-03-14 03:00:00,348.37
2022-03-14 04:00:00,349.29
2022-03-14 05:00:00,349.49
2022-03-14 06:00:00,349.41
2022-03-14 23:00:00,350.73
2022-03-15 01:00:00,345.03000000000003
2022-03-15 02:00:00,347.49
2022-03-15 03:00:00,346.77
2022-03-15 04:00:00,347.43
2022-03-15 05:00:00,346.37
2022-03-15 06:00:00,345.93
2022-03-15 23:00:00,347.59000000000003
2022-03-16 01:00:00,348.29
2022-03-16 02:00:00,348.09000000000003
2022-03-16 03:00:00,348.59000000000003
2022-03-16 04:00:00,348.99
2022-03-16 05:00:00,350.73
2022-03-16 06:00:00,351.17
2022-03-16 23:00:00,347.75
2022-03-17 01:00:00,357.19
2022-03-17 02:00:00,358.51
2022-03-17 03:00:00,358.45
2022-03-17 04:00:00,358.87
2022-03-17 05:00:00,356.77
2022-03-17 06:00:00,355.51
2022-03-17 23:00:00,358.89
2022-03-18 01:00:00,356.13
2022-03-18 02:00:00,355.13
2022-03-18 03:00:00,355.59000000000003
2022-03-18 04:00:00,355.73
2022-03-18 05:00:00,357.47
2022-03-18 06:00:00,357.37
2022-03-18 23:00:00,356.23
2022-03-21 01:00:00,355.17
2022-03-21 02:00:00,355.69
2022-03-21 03:00:00,355.57
2022-03-21 04:00:00,355.47
2022-03-21 05:00:00,353.47
2022-03-21 06:00:00,353.69
2022-03-21 23:00:00,356.99
2022-03-22 01:00:00,356.75
2022-03-22 02:00:00,356.99
2022-03-22 03:00:00,356.63
2022-03-22 04:00:00,356.03000000000003
2022-03-22 05:00:00,357.07
2022-03-22 06:00:00,356.99
2022-03-22 23:00:00,356.33
2022-03-23 01:00:00,359.79
2022-03-23 02:00:00,360.17
2022-03-23 03:00:00,358.73
2022-03-23 04:00:00,359.07
2022-03-23 05:00:00,359.87
2022-03-23 06:00:00,359.81
2022-03-23 23:00:00,359.99
2022-03-24 01:00:00,356.29
2022-03-24 02:00:00,357.05
2022-03-24 03:00:00,357.07
2022-03-24 04:00:00,357.69
2022-03-24 05:00:00,358.33
2022-03-24 06:00:00,358.39
2022-03-24 23:00:00,357.05
2022-03-25 01:00:00,358.29
2022-03-25 02:00:00,357.25
2022-03-25 03:00:00,356.59000000000003
2022-03-25 04:00:00,357.73
2022-03-25 05:00:00,356.59000000000003
2022-03-25 06:00:00,356.97
2022-03-25 23:00:00,356.49
2022-03-28 01:00:00,354.41
2022-03-28 02:00:00,355.09000000000003
2022-03-28 03:00:00,356.83
2022-03-28 04:00:00,356.87
2022-03-28 05:00:00,358.17
2022-03-28 06:00:00,356.99
2022-03-28 07:00:00,357.49
2022-03-29 01:00:00,358.01
2022-03-29 02:00:00,359.09000000000003
2022-03-29 03:00:00,357.65000000000003
2022-03-29 04:00:00,357.99
2022-03-29 05:00:00,358.11
2022-03-29 06:00:00,358.69
2022-03-29 07:00:00,358.71000000000004
2022-03-30 01:00:00,361.09000000000003
2022-03-30 02:00:00,360.55
2022-03-30 03:00:00,360.49
2022-03-30 04:00:00,360.79
2022-03-30 05:00:00,360.07
2022-03-30 06:00:00,360.79
2022-03-30 07:00:00,360.05
2022-03-31 01:00:00,362.61
2022-03-31 02:00:00,361.79
2022-03-31 03:00:00,362.41
2022-03-31 04:00:00,361.97
2022-03-31 05:00:00,361.95
2022-03-31 06:00:00,360.87
2022-03-31 07:00:00,361.01
2022-04-01 01:00:00,357.89
2022-04-01 02:00:00,358.61
2022-04-01 03:00:00,359.09000000000003
2022-04-01 04:00:00,358.89
2022-04-01 05:00:00,358.39
2022-04-01 06:00:00,358.53000000000003
2022-04-01 07:00:00,358.87
2022-04-04 01:00:00,359.19
2022-04-04 02:00:00,359.21000000000004
2022-04-04 03:00:00,359.81
2022-04-04 04:00:00,359.75
2022-04-04 05:00:00,359.49
2022-04-04 06:00:00,360.59000000000003
2022-04-04 07:00:00,360.69
2022-04-05 01:00:00,359.77
2022-04-05 02:00:00,360.15000000000003
2022-04-05 03:00:00,359.99
2022-04-05 04:00:00,360.17
2022-04-05 05:00:00,360.29
2022-04-05 06:00:00,360.29
2022-04-05 07:00:00,360.43
2022-04-06 01:00:00,356.99
2022-04-06 02:00:00,356.29
2022-04-06 03:00:00,356.37
2022-04-06 04:00:00,356.25
2022-04-06 05:00:00,356.93
2022-04-06 06:00:00,356.59000000000003
2022-04-06 07:00:00,356.53000000000003
2022-04-07 01:00:00,353.59000000000003
2022-04-07 02:00:00,352.51
2022-04-07 03:00:00,350.99
2022-04-07 04:00:00,350.55
2022-04-07 05:00:00,351.11
2022-04-07 06:00:00,351.41
2022-04-07 07:00:00,351.57
2022-04-08 01:00:00,349.93
2022-04-08 02:00:00,349.63
2022-04-08 03:00:00,350.29
2022-04-08 04:00:00,350.73
2022-04-08 05:00:00,350.45
2022-04-08 06:00:00,351.59000000000003
2022-04-08 07:00:00,351.71000000000004
2022-04-11 01:00:00,352.03000000000003
2022-04-11 02:00:00,350.79
2022-04-11 03:00:00,349.53000000000003
2022-04-11 04:00:00,350.65000000000003
2022-04-11 05:00:00,350.39
2022-04-11 06:00:00,351.35
2022-04-11 07:00:00,351.53000000000003
2022-04-12 01:00:00,348.67
2022-04-12 02:00:00,347.11
2022-04-12 03:00:00,348.19
2022-04-12 04:00:00,347.39
2022-04-12 05:00:00,346.99
2022-04-12 06:00:00,348.11
2022-04-12 07:00:00,347.79
2022-04-13 01:00:00,350.77
2022-04-13 02:00:00,350.69
2022-04-13 03:00:00,351.89
2022-04-13 04:00:00,352.55
2022-04-13 05:00:00,352.73
2022-04-13 06:00:00,354.33
2022-04-13 07:00:00,354.37
2022-04-14 01:00:00,352.17
2022-04-14 02:00:00,353.11
2022-04-14 03:00:00,352.85
2022-04-14 04:00:00,353.29
2022-04-14 05:00:00,353.41
2022-04-14 06:00:00,352.77
2022-04-14 07:00:00,352.85
2022-04-15 01:00:00,348.79
2022-04-15 02:00:00,349.73
2022-04-15 03:00:00,349.11
2022-04-15 04:00:00,349.29
2022-04-15 05:00:00,349.47
2022-04-15 06:00:00,349.01
2022-04-15 07:00:00,348.81
2022-04-18 01:00:00,348.81
2022-04-18 02:00:00,348.77
2022-04-18 03:00:00,348.57
2022-04-18 04:00:00,349.79
2022-04-18 05:00:00,349.57
2022-04-18 06:00:00,349.45
2022-04-18 07:00:00,349.31
2022-04-19 01:00:00,352.09000000000003
2022-04-19 02:00:00,353.21000000000004
2022-04-19 03:00:00,352.45
2022-04-19 04:00:00,353.01
2022-04-19 05:00:00,352.97
2022-04-19 06:00:00,352.73
2022-04-19 07:00:00,352.63
2022-04-20 01:00:00,351.29
2022-04-20 02:00:00,351.01
2022-04-20 03:00:00,351.55
2022-04-20 04:00:00,352.57
2022-04-20 05:00:00,353.19
2022-04-20 06:00:00,352.97
2022-04-20 07:00:00,352.71000000000004
2022-04-21 01:00:00,355.25
2022-04-21 02:00:00,355.81
2022-04-21 03:00:00,355.67
2022-04-21 04:00:00,354.93
2022-04-21 05:00:00,355.19
2022-04-21 06:00:00,355.05
2022-04-21 07:00:00,354.23
2022-04-22 01:00:00,349.41
2022-04-22 02:00:00,350.19
2022-04-22 03:00:00,349.77
2022-04-22 04:00:00,350.01
2022-04-22 05:00:00,350.49
2022-04-22 06:00:00,350.85
2022-04-22 07:00:00,350.21000000000004
2022-04-25 01:00:00,346.95
2022-04-25 02:00:00,344.65000000000003
2022-04-25 03:00:00,344.81
2022-04-25 04:00:00,345.17
2022-04-25 05:00:00,345.03000000000003
2022-04-25 06:00:00,344.53000000000003
2022-04-25 07:00:00,344.47
2022-04-26 01:00:00,346.73
2022-04-26 02:00:00,346.11
2022-04-26 03:00:00,346.93
2022-04-26 04:00:00,347.01
2022-04-26 05:00:00,346.35
2022-04-26 06:00:00,345.95
2022-04-26 07:00:00,345.83
2022-04-27 01:00:00,339.93
2022-04-27 02:00:00,341.17
2022-04-27 03:00:00,341.77
2022-04-27 04:00:00,341.39
2022-04-27 05:00:00,340.71000000000004
2022-04-27 06:00:00,341.29
2022-04-27 07:00:00,341.61
2022-04-28 01:00:00,342.03000000000003
2022-04-28 02:00:00,342.51
2022-04-28 03:00:00,343.13
2022-04-28 04:00:00,343.53000000000003
2022-04-28 05:00:00,343.89
2022-04-28 06:00:00,344.63
2022-04-28 07:00:00,345.17
2022-04-29 01:00:00,348.99
2022-04-29 02:00:00,348.69
2022-04-29 03:00:00,348.33
2022-04-29 04:00:00,349.05
2022-04-29 05:00:00,349.33
2022-04-29 06:00:00,350.11
2022-04-29 07:00:00,350.53000000000003
2022-05-02 01:00:00,348.25
2022-05-02 02:00:00,347.17
2022-05-02 03:00:00,347.85
2022-05-02 04:00:00,348.31
2022-05-02 05:00:00,349.19
2022-05-02 06:00:00,348.55
2022-05-02 07:00:00,348.93
2022-05-03 01:00:00,350.03000000000003
2022-05-03 02:00:00,350.67
2022-05-03 03:00:00,351.41
2022-05-03 04:00:00,350.51
2022-05-03 05:00:00,349.55
2022-05-03 06:00:00,349.39
2022-05-03 07:00:00,348.19
2022-05-04 01:00:00,350.03000000000003
2022-05-04 02:00:00,349.27
2022-05-04 03:00:00,348.41
2022-05-04 04:00:00,348.11
2022-05-04 05:00:00,348.57
2022-05-04 06:00:00,348.09000000000003
2022-05-04 07:00:00,349.03000000000003
2022-05-04 23:00:00,349.23
2022-05-06 01:00:00,344.47
2022-05-06 02:00:00,343.59000000000003
2022-05-06 03:00:00,343.67
2022-05-06 04:00:00,344.43
2022-05-06 05:00:00,344.21000000000004
2022-05-06 06:00:00,344.23
2022-05-06 07:00:00,344.05
2022-05-09 03:00:00,341.87
2022-05-09 04:00:00,341.53000000000003
2022-05-09 05:00:00,340.53000000000003
2022-05-09 06:00:00,340.35
2022-05-09 07:00:00,341.09000000000003
2022-05-09 07:00:01,341.09000000000003
2022-05-10 01:00:00,334.13000000000005
2022-05-10 02:00:00,335.4700000000001
2022-05-10 03:00:00,336.81000000000006
2022-05-10 04:00:00,338.21000000000004
2022-05-10 05:00:00,338.05000000000007
2022-05-10 06:00:00,339.15000000000003
2022-05-10 07:00:00,338.81000000000006
2022-05-11 01:00:00,336.87000000000006
2022-05-11 02:00:00,338.3500000000001
2022-05-11 03:00:00,338.4700000000001
2022-05-11 04:00:00,338.89000000000004
2022-05-11 05:00:00,339.05000000000007
2022-05-11 06:00:00,339.03000000000003
2022-05-11 07:00:00,338.75000000000006
2022-05-12 01:00:00,337.15000000000003
2022-05-12 02:00:00,337.7300000000001
2022-05-12 03:00:00,337.3500000000001
2022-05-12 04:00:00,336.59000000000003
2022-05-12 05:00:00,335.05000000000007
2022-05-12 06:00:00,333.2300000000001
2022-05-12 07:00:00,333.25000000000006
2022-05-13 01:00:00,338.1700000000001
2022-05-13 02:00:00,339.53000000000003
2022-05-13 03:00:00,340.19000000000005
2022-05-13 04:00:00,339.81000000000006
2022-05-13 05:00:00,340.25000000000006
2022-05-13 06:00:00,341.3500000000001
2022-05-13 07:00:00,341.51000000000005
2022-05-16 01:00:00,342.13000000000005
2022-05-16 02:00:00,340.53000000000003
2022-05-16 03:00:00,340.27000000000004
2022-05-16 04:00:00,339.71000000000004
2022-05-16 05:00:00,340.27000000000004
2022-05-16 06:00:00,340.6700000000001
2022-05-16 07:00:00,339.83000000000004
2022-05-17 01:00:00,342.33000000000004
2022-05-17 02:00:00,342.99000000000007
2022-05-17 03:00:00,342.61000000000007
2022-05-17 04:00:00,342.9100000000001
2022-05-17 05:00:00,342.9700000000001
2022-05-17 06:00:00,343.15000000000003
2022-05-17 07:00:00,343.31000000000006
2022-05-18 01:00:00,344.7300000000001
2022-05-18 02:00:00,343.87000000000006
2022-05-18 03:00:00,344.09000000000003
2022-05-18 04:00:00,343.4700000000001
2022-05-18 05:00:00,343.25000000000006
2022-05-18 06:00:00,344.1700000000001
2022-05-18 07:00:00,344.07000000000005
2022-05-19 01:00:00,338.1700000000001
2022-05-19 02:00:00,337.99000000000007
2022-05-19 03:00:00,338.33000000000004
2022-05-19 04:00:00,339.2300000000001
2022-05-19 05:00:00,339.2900000000001
2022-05-19 06:00:00,338.65000000000003
2022-05-19 07:00:00,338.49000000000007
2022-05-20 01:00:00,342.8500000000001
2022-05-20 02:00:00,344.4700000000001
2022-05-20 03:00:00,345.03000000000003
2022-05-20 04:00:00,344.71000000000004
2022-05-20 05:00:00,345.09000000000003
2022-05-20 06:00:00,345.25000000000006
2022-05-20 07:00:00,345.33000000000004
2022-05-23 01:00:00,345.51000000000005
2022-05-23 02:00:00,345.25000000000006
2022-05-23 03:00:00,345.57000000000005
2022-05-23 04:00:00,345.13000000000005
2022-05-23 05:00:00,345.07000000000005
2022-05-23 06:00:00,345.61000000000007
2022-05-23 07:00:00,346.27000000000004
2022-05-24 01:00:00,343.59000000000003
2022-05-24 02:00:00,342.69000000000005
2022-05-24 03:00:00,342.33000000000004
2022-05-24 04:00:00,342.39000000000004
2022-05-24 05:00:00,341.51000000000005
2022-05-24 06:00:00,340.21000000000004
2022-05-24 07:00:00,339.77000000000004
2022-05-25 01:00:00,342.1700000000001
2022-05-25 02:00:00,342.37000000000006
2022-05-25 03:00:00,342.1700000000001
2022-05-25 04:00:00,343.11000000000007
2022-05-25 05:00:00,342.89000000000004
2022-05-25 06:00:00,342.09000000000003
2022-05-25 07:00:00,341.4100000000001
2022-05-26 01:00:00,344.4700000000001
2022-05-26 02:00:00,341.83000000000004
2022-05-26 03:00:00,342.13000000000005
2022-05-26 04:00:00,341.53000000000003
2022-05-26 05:00:00,340.1700000000001
2022-05-26 06:00:00,338.89000000000004
2022-05-26 07:00:00,340.19000000000005
2022-05-27 01:00:00,344.01000000000005
2022-05-27 02:00:00,344.51000000000005
2022-05-27 03:00:00,343.6700000000001
2022-05-27 04:00:00,343.7900000000001
2022-05-27 05:00:00,343.9700000000001
2022-05-27 06:00:00,343.7300000000001
2022-05-27 07:00:00,344.33000000000004
2022-05-30 01:00:00,346.6700000000001
2022-05-30 02:00:00,347.25000000000006
2022-05-30 03:00:00,348.2300000000001
2022-05-30 04:00:00,348.49000000000007
2022-05-30 05:00:00,348.43000000000006
2022-05-30 06:00:00,348.4100000000001
2022-05-30 07:00:00,348.39000000000004
2022-05-31 01:00:00,347.25000000000006
2022-05-31 02:00:00,347.95000000000005
2022-05-31 03:00:00,348.43000000000006
2022-05-31 04:00:00,348.93000000000006
2022-05-31 05:00:00,349.31000000000006
2022-05-31 06:00:00,349.99000000000007
2022-05-31 07:00:00,350.15000000000003
2022-05-31 23:00:00,349.90000000000003
2022-05-31 23:00:01,349.90000000000003
2022-06-02 01:00:00,346.08000000000004
2022-06-02 02:00:00,345.96000000000004
2022-06-02 03:00:00,346.06000000000006
2022-06-02 04:00:00,346.16
2022-06-02 05:00:00,346.04
2022-06-02 06:00:00,345.96000000000004
2022-06-02 07:00:00,346.06000000000006
2022-06-03 01:00:00,347.46000000000004
2022-06-03 02:00:00,348.04
2022-06-03 03:00:00,347.68000000000006
2022-06-03 04:00:00,347.56000000000006
2022-06-03 05:00:00,347.84000000000003
2022-06-03 06:00:00,347.86000000000007
2022-06-03 07:00:00,348.14000000000004
2022-06-03 23:00:00,348.06000000000006
2022-06-07 01:00:00,343.86000000000007
2022-06-07 02:00:00,342.82000000000005
2022-06-07 03:00:00,342.08000000000004
2022-06-07 04:00:00,342.32000000000005
2022-06-07 05:00:00,342.14000000000004
2022-06-07 06:00:00,340.76000000000005
2022-06-07 07:00:00,341.04
2022-06-08 01:00:00,342.40000000000003
2022-06-08 02:00:00,343.1
2022-06-08 03:00:00,342.96000000000004
2022-06-08 04:00:00,341.96000000000004
2022-06-08 05:00:00,341.64000000000004
2022-06-08 06:00:00,341.86000000000007
2022-06-08 07:00:00,342.16
2022-06-09 01:00:00,339.74000000000007
2022-06-09 02:00:00,339.6
2022-06-09 03:00:00,339.74000000000007
2022-06-09 04:00:00,340.26000000000005
2022-06-09 05:00:00,341.54
2022-06-09 06:00:00,340.54
2022-06-09 07:00:00,340.94000000000005
2022-06-10 01:00:00,336.22
2022-06-10 02:00:00,337.78000000000003
2022-06-10 03:00:00,337.38000000000005
2022-06-10 04:00:00,337.4800000000001
2022-06-10 05:00:00,336.54
2022-06-10 06:00:00,337.46000000000004
2022-06-10 07:00:00,337.24000000000007
2022-06-13 01:00:00,328.22
2022-06-13 02:00:00,327.94000000000005
2022-06-13 03:00:00,327.88000000000005
2022-06-13 04:00:00,326.94000000000005
2022-06-13 05:00:00,326.26000000000005
2022-06-13 06:00:00,326.28000000000003
2022-06-13 07:00:00,325.9800000000001
2022-06-14 01:00:00,323.30000000000007
2022-06-14 02:00:00,320.04
2022-06-14 03:00:00,321.4200000000001
2022-06-14 04:00:00,320.86000000000007
2022-06-14 05:00:00,322.14000000000004
2022-06-14 06:00:00,324.4200000000001
2022-06-14 07:00:00,323.90000000000003
2022-06-15 01:00:00,319.74000000000007
2022-06-15 02:00:00,319.56000000000006
2022-06-15 03:00:00,319.38000000000005
2022-06-15 04:00:00,317.64000000000004
2022-06-15 05:00:00,317.12000000000006
2022-06-15 06:00:00,317.6
2022-06-15 07:00:00,317.6
2022-06-16 01:00:00,323.68000000000006
2022-06-16 02:00:00,321.96000000000004
2022-06-16 03:00:00,321.32000000000005
2022-06-16 04:00:00,321.44000000000005
2022-06-16 05:00:00,319.68000000000006
2022-06-16 06:00:00,317.58000000000004
2022-06-16 07:00:00,317.82000000000005
2022-06-17 01:00:00,313.36000000000007
2022-06-17 02:00:00,314.56000000000006
2022-06-17 03:00:00,313.4800000000001
2022-06-17 04:00:00,313.9800000000001
2022-06-17 05:00:00,315.70000000000005
2022-06-17 06:00:00,315.4200000000001
2022-06-17 07:00:00,315.78000000000003
2022-06-20 01:00:00,310.72
2022-06-20 02:00:00,308.52000000000004
2022-06-20 03:00:00,309.72
2022-06-20 04:00:00,309.66
2022-06-20 05:00:00,308.08000000000004
2022-06-20 06:00:00,308.9200000000001
2022-06-20 07:00:00,310.00000000000006
2022-06-21 01:00:00,311.36000000000007
2022-06-21 02:00:00,311.4200000000001
2022-06-21 03:00:00,311.12000000000006
2022-06-21 04:00:00,313.06000000000006
2022-06-21 05:00:00,314.00000000000006
2022-06-21 06:00:00,311.9800000000001
2022-06-21 07:00:00,312.52000000000004
2022-06-22 01:00:00,309.26000000000005
2022-06-22 02:00:00,306.86000000000007
2022-06-22 03:00:00,305.76000000000005
2022-06-22 04:00:00,306.94000000000005
2022-06-22 05:00:00,306.28000000000003
2022-06-22 06:00:00,304.74000000000007
2022-06-22 07:00:00,303.76000000000005
2022-06-23 01:00:00,305.30000000000007
2022-06-23 02:00:00,304.20000000000005
2022-06-23 03:00:00,302.76000000000005
2022-06-23 04:00:00,300.72
2022-06-23 05:00:00,303.16
2022-06-23 06:00:00,302.08000000000004
2022-06-23 07:00:00,301.44000000000005
2022-06-24 01:00:00,306.12000000000006
2022-06-24 02:00:00,306.80000000000007
2022-06-24 03:00:00,308.08000000000004
2022-06-24 04:00:00,306.38000000000005
2022-06-24 05:00:00,307.02000000000004
2022-06-24 06:00:00,308.44000000000005
2022-06-24 07:00:00,307.86000000000007
2022-06-27 01:00:00,310.12000000000006
2022-06-27 02:00:00,313.30000000000007
2022-06-27 03:00:00,313.50000000000006
2022-06-27 04:00:00,314.30000000000007
2022-06-27 05:00:00,314.12000000000006
2022-06-27 06:00:00,312.90000000000003
2022-06-27 07:00:00,311.80000000000007
2022-06-28 01:00:00,312.44000000000005
2022-06-28 02:00:00,311.34000000000003
2022-06-28 03:00:00,311.86000000000007
2022-06-28 04:00:00,312.22
2022-06-28 05:00:00,312.6
2022-06-28 06:00:00,313.02000000000004
2022-06-28 07:00:00,314.68000000000006
2022-06-29 01:00:00,309.9800000000001
2022-06-29 02:00:00,309.68000000000006
2022-06-29 03:00:00,309.78000000000003
2022-06-29 04:00:00,309.70000000000005
2022-06-29 05:00:00,310.26000000000005
2022-06-29 06:00:00,310.28000000000003
2022-06-29 07:00:00,309.24000000000007
2022-06-30 01:00:00,307.34000000000003
2022-06-30 02:00:00,306.52000000000004
2022-06-30 03:00:00,307.50000000000006
2022-06-30 04:00:00,306.44000000000005
2022-06-30 05:00:00,305.58000000000004
2022-06-30 06:00:00,304.88000000000005
2022-06-30 07:00:00,303.34000000000003
2022-07-01 01:00:00,304.9200000000001
2022-07-01 02:00:00,302.58000000000004
2022-07-01 03:00:00,301.40000000000003
2022-07-01 04:00:00,300.50000000000006
2022-07-01 05:00:00,299.46000000000004
2022-07-01 06:00:00,299.62000000000006
2022-07-01 07:00:00,300.78000000000003
2022-07-04 01:00:00,300.54
2022-07-04 02:00:00,300.76000000000005
2022-07-04 03:00:00,300.26000000000005
2022-07-04 04:00:00,298.9800000000001
2022-07-04 05:00:00,298.72
2022-07-04 06:00:00,299.86000000000007
2022-07-04 07:00:00,300.22
2022-07-05 01:00:00,305.74000000000007
2022-07-05 02:00:00,305.66
2022-07-05 03:00:00,303.54
2022-07-05 04:00:00,303.76000000000005
2022-07-05 05:00:00,304.46000000000004
2022-07-05 06:00:00,305.6
2022-07-05 07:00:00,305.38000000000005
2022-07-06 01:00:00,303.4200000000001
2022-07-06 02:00:00,302.1
2022-07-06 03:00:00,302.20000000000005
2022-07-06 04:00:00,302.34000000000003
2022-07-06 05:00:00,300.64000000000004
2022-07-06 06:00:00,299.16
2022-07-06 07:00:00,298.88000000000005
2022-07-07 01:00:00,303.02000000000004
2022-07-07 02:00:00,303.24000000000007
2022-07-07 03:00:00,304.78000000000003
2022-07-07 04:00:00,304.58000000000004
2022-07-07 05:00:00,305.9800000000001
2022-07-07 06:00:00,305.38000000000005
2022-07-07 07:00:00,304.66
2022-07-08 01:00:00,309.24000000000007
2022-07-08 02:00:00,308.12000000000006
2022-07-08 03:00:00,307.30000000000007
2022-07-08 04:00:00,306.94000000000005
2022-07-08 05:00:00,307.88000000000005
2022-07-08 06:00:00,306.9800000000001
2022-07-08 07:00:00,306.18000000000006
2022-07-11 01:00:00,308.04
2022-07-11 02:00:00,305.40000000000003
2022-07-11 03:00:00,305.36000000000007
2022-07-11 04:00:00,305.40000000000003
2022-07-11 05:00:00,305.54
2022-07-11 06:00:00,304.6
2022-07-11 07:00:00,304.84000000000003
2022-07-12 01:00:00,301.34000000000003
2022-07-12 02:00:00,300.80000000000007
2022-07-12 03:00:00,300.68000000000006
2022-07-12 04:00:00,301.04
2022-07-12 05:00:00,300.18000000000006
2022-07-12 06:00:00,300.90000000000003
2022-07-12 07:00:00,301.34000000000003
2022-07-13 01:00:00,303.38000000000005
2022-07-13 02:00:00,303.26000000000005
2022-07-13 03:00:00,304.32000000000005
2022-07-13 04:00:00,303.82000000000005
2022-07-13 05:00:00,303.50000000000006
2022-07-13 06:00:00,303.28000000000003
2022-07-13 07:00:00,303.02000000000004
2022-07-14 01:00:00,300.54
2022-07-14 02:00:00,302.04
2022-07-14 03:00:00,302.08000000000004
2022-07-14 04:00:00,302.54
2022-07-14 05:00:00,303.68000000000006
2022-07-14 06:00:00,301.90000000000003
2022-07-14 07:00:00,302.22
2022-07-14 07:00:01,302.22
2022-07-15 01:00:00,299.46
2022-07-15 02:00:00,302.06
2022-07-15 03:00:00,303.5
2022-07-15 04:00:00,304.2
2022-07-15 05:00:00,304.08
2022-07-15 06:00:00,304.04
2022-07-15 07:00:00,304.14
2022-07-18 01:00:00,307.9
2022-07-18 02:00:00,309.58
2022-07-18 03:00:00,309.68
2022-07-18 04:00:00,310.72
2022-07-18 05:00:00,311.02
2022-07-18 06:00:00,310.68
2022-07-18 07:00:00,311.22
2022-07-19 01:00:00,309.36
2022-07-19 02:00:00,308.9
2022-07-19 03:00:00,309.84000000000003
2022-07-19 04:00:00,309.38
2022-07-19 05:00:00,308.76
2022-07-19 06:00:00,309.6
2022-07-19 07:00:00,309.64
2022-07-20 01:00:00,314.32
2022-07-20 02:00:00,312.98
2022-07-20 03:00:00,313.24
2022-07-20 04:00:00,313.2
2022-07-20 05:00:00,312.68
2022-07-20 06:00:00,312.24
2022-07-20 07:00:00,312.32
2022-07-21 01:00:00,314.18
2022-07-21 02:00:00,313.76
2022-07-21 03:00:00,314.02
2022-07-21 04:00:00,314.12
2022-07-21 05:00:00,314.9
2022-07-21 06:00:00,315.56
2022-07-21 07:00:00,315.0
2022-07-22 01:00:00,314.4
2022-07-22 02:00:00,313.94
2022-07-22 03:00:00,313.82
2022-07-22 04:00:00,314.6
2022-07-22 05:00:00,314.24
2022-07-22 06:00:00,313.46
2022-07-22 07:00:00,313.92
2022-07-25 01:00:00,314.26
2022-07-25 02:00:00,313.98
2022-07-25 03:00:00,315.24
2022-07-25 04:00:00,315.82
2022-07-25 05:00:00,315.8
2022-07-25 06:00:00,315.2
2022-07-25 07:00:00,314.88
2022-07-26 01:00:00,314.44
2022-07-26 02:00:00,314.94
2022-07-26 03:00:00,314.94
2022-07-26 04:00:00,314.74
2022-07-26 05:00:00,315.22
2022-07-26 06:00:00,315.94
2022-07-26 07:00:00,316.22
2022-07-27 01:00:00,314.74
2022-07-27 02:00:00,314.08
2022-07-27 03:00:00,314.02
2022-07-27 04:00:00,314.02
2022-07-27 05:00:00,314.24
2022-07-27 06:00:00,315.48
2022-07-27 07:00:00,315.98
2022-07-28 01:00:00,318.68
2022-07-28 02:00:00,318.0
2022-07-28 03:00:00,318.68
2022-07-28 04:00:00,317.56
2022-07-28 05:00:00,317.38
2022-07-28 06:00:00,318.32
2022-07-28 07:00:00,318.24
2022-07-29 01:00:00,320.46
2022-07-29 02:00:00,320.8
2022-07-29 03:00:00,320.12
2022-07-29 04:00:00,319.18
2022-07-29 05:00:00,319.0
2022-07-29 06:00:00,319.38
2022-07-29 07:00:00,319.38
2022-07-29 23:00:00,319.24
2022-08-01 01:00:00,319.24
2022-08-01 02:00:00,319.24
2022-08-01 03:00:00,319.24
2022-08-01 04:00:00,319.24
2022-08-01 05:00:00,319.24
2022-08-01 06:00:00,319.24
2022-08-01 07:00:00,319.24
2022-08-02 01:00:00,319.24
2022-08-02 02:00:00,319.24
2022-08-02 03:00:00,319.24
2022-08-02 04:00:00,319.24
2022-08-02 05:00:00,319.24
2022-08-02 06:00:00,319.24
2022-08-02 07:00:00,319.24
2022-08-03 01:00:00,319.24
2022-08-03 02:00:00,319.24
2022-08-03 03:00:00,319.24
2022-08-03 04:00:00,319.24
2022-08-03 05:00:00,319.24
2022-08-03 06:00:00,319.24
2022-08-03 07:00:00,319.24
2022-08-04 01:00:00,319.24
2022-08-04 02:00:00,319.24
2022-08-04 03:00:00,319.24
2022-08-04 04:00:00,319.24
2022-08-04 05:00:00,319.24
2022-08-04 06:00:00,319.24
2022-08-04 07:00:00,319.24
2022-08-05 01:00:00,319.24
2022-08-05 02:00:00,319.24
2022-08-05 03:00:00,319.24
2022-08-05 04:00:00,319.24
2022-08-05 05:00:00,319.24
2022-08-05 06:00:00,319.24
2022-08-05 07:00:00,319.24
2022-08-08 01:00:00,319.24
2022-08-08 02:00:00,319.24
2022-08-08 03:00:00,319.24
2022-08-08 04:00:00,319.24
2022-08-08 05:00:00,319.24
2022-08-08 06:00:00,319.24
2022-08-08 07:00:00,319.24
2022-08-09 01:00:00,319.24
2022-08-09 02:00:00,319.24
2022-08-09 03:00:00,319.24
2022-08-09 04:00:00,319.24
2022-08-09 05:00:00,319.24
2022-08-09 06:00:00,319.24
2022-08-09 07:00:00,319.24
2022-08-10 01:00:00,319.24
2022-08-10 02:00:00,319.24
2022-08-10 03:00:00,319.24
2022-08-10 04:00:00,319.24
2022-08-10 05:00:00,319.24
2022-08-10 06:00:00,319.24
2022-08-10 07:00:00,319.24
2022-08-11 01:00:00,319.24
2022-08-11 02:00:00,319.24
2022-08-11 03:00:00,319.24
2022-08-11 04:00:00,319.24
2022-08-11 05:00:00,319.24
2022-08-11 06:00:00,319.24
2022-08-11 07:00:00,319.24
2022-08-12 01:00:00,319.24
2022-08-12 02:00:00,319.24
2022-08-12 03:00:00,319.24
2022-08-12 04:00:00,319.24
2022-08-12 05:00:00,319.24
2022-08-12 06:00:00,319.24
2022-08-12 07:00:00,319.24
2022-08-12 23:00:00,319.24
2022-08-12 23:00:01,326.68
2022-08-12 23:00:02,326.68
2022-08-16 01:00:00,329.36
2022-08-16 02:00:00,328.96000000000004
2022-08-16 03:00:00,328.76
2022-08-16 04:00:00,328.66
2022-08-16 05:00:00,328.32
2022-08-16 06:00:00,328.24
2022-08-16 07:00:00,328.08000000000004
2022-08-16 23:00:00,328.03000000000003
2022-08-17 01:00:00,328.40000000000003
2022-08-17 02:00:00,326.98
2022-08-17 03:00:00,326.82
2022-08-17 04:00:00,326.6
2022-08-17 05:00:00,326.16
2022-08-17 06:00:00,326.38
2022-08-17 07:00:00,326.18
2022-08-17 23:00:00,325.78000000000003
2022-08-18 01:00:00,323.66
2022-08-18 02:00:00,324.12
2022-08-18 03:00:00,324.72
2022-08-18 04:00:00,324.32
2022-08-18 05:00:00,323.90000000000003
2022-08-18 06:00:00,325.14000000000004
2022-08-18 07:00:00,324.88
2022-08-18 23:00:00,324.33000000000004
2022-08-19 01:00:00,322.90000000000003
2022-08-19 02:00:00,323.76
2022-08-19 03:00:00,324.46000000000004
2022-08-19 04:00:00,323.86
2022-08-19 05:00:00,323.32
2022-08-19 06:00:00,323.5
2022-08-19 07:00:00,323.02000000000004
2022-08-19 23:00:00,322.78000000000003
2022-08-22 01:00:00,319.12
2022-08-22 02:00:00,319.90000000000003
2022-08-22 03:00:00,320.3
2022-08-22 04:00:00,319.64000000000004
2022-08-22 05:00:00,318.54
2022-08-22 06:00:00,319.04
2022-08-22 07:00:00,318.48
2022-08-22 23:00:00,318.18
2022-08-23 01:00:00,316.44
2022-08-23 02:00:00,315.48
2022-08-23 03:00:00,315.70000000000005
2022-08-23 04:00:00,315.64000000000004
2022-08-23 05:00:00,315.14000000000004
2022-08-23 06:00:00,315.0
2022-08-23 07:00:00,314.20000000000005
2022-08-23 23:00:00,314.13
2022-08-24 01:00:00,315.86
2022-08-24 02:00:00,315.0
2022-08-24 03:00:00,314.40000000000003
2022-08-24 04:00:00,315.20000000000005
2022-08-24 05:00:00,315.86
2022-08-24 06:00:00,315.96000000000004
2022-08-24 07:00:00,315.72
2022-08-24 23:00:00,315.58000000000004
2022-08-25 01:00:00,317.94
2022-08-25 02:00:00,318.66
2022-08-25 03:00:00,318.32
2022-08-25 04:00:00,318.84000000000003
2022-08-25 05:00:00,319.04
2022-08-25 06:00:00,318.70000000000005
2022-08-25 07:00:00,319.8
2022-08-25 23:00:00,319.83000000000004
2022-08-26 01:00:00,322.38
2022-08-26 02:00:00,321.6
2022-08-26 03:00:00,321.1
2022-08-26 04:00:00,321.0
2022-08-26 05:00:00,320.14000000000004
2022-08-26 06:00:00,319.72
2022-08-26 07:00:00,320.16
2022-08-26 23:00:00,320.48
2022-08-29 01:00:00,312.08000000000004
2022-08-29 02:00:00,312.20000000000005
2022-08-29 03:00:00,312.0
2022-08-29 04:00:00,311.98
2022-08-29 05:00:00,312.16
2022-08-29 06:00:00,311.98
2022-08-29 07:00:00,311.86
2022-08-29 23:00:00,311.68
2022-08-30 01:00:00,313.84000000000003
2022-08-30 02:00:00,313.38
2022-08-30 03:00:00,313.82
2022-08-30 04:00:00,314.6
2022-08-30 05:00:00,315.08000000000004
2022-08-30 06:00:00,315.48
2022-08-30 07:00:00,315.42
2022-08-30 23:00:00,315.43
2022-08-31 01:00:00,313.3
2022-08-31 02:00:00,313.92
2022-08-31 03:00:00,314.64000000000004
2022-08-31 04:00:00,316.72
2022-08-31 05:00:00,317.42
2022-08-31 06:00:00,318.18
2022-08-31 07:00:00,317.44
2022-08-31 23:00:00,316.98
2022-09-01 01:00:00,311.76
2022-09-01 02:00:00,311.90000000000003
2022-09-01 03:00:00,311.56
2022-09-01 04:00:00,310.82
2022-09-01 05:00:00,311.40000000000003
2022-09-01 06:00:00,310.44
2022-09-01 07:00:00,310.54
2022-09-01 23:00:00,310.48
2022-09-02 01:00:00,310.84000000000003
2022-09-02 02:00:00,311.34000000000003
2022-09-02 03:00:00,309.5
2022-09-02 04:00:00,309.90000000000003
2022-09-02 05:00:00,309.96000000000004
2022-09-02 06:00:00,308.34000000000003
2022-09-02 07:00:00,309.52000000000004
2022-09-02 23:00:00,309.83000000000004
2022-09-05 01:00:00,310.16
2022-09-05 02:00:00,309.46000000000004
2022-09-05 03:00:00,308.78000000000003
2022-09-05 04:00:00,308.34000000000003
2022-09-05 05:00:00,308.12
2022-09-05 06:00:00,307.64000000000004
2022-09-05 07:00:00,308.32
2022-09-05 07:00:01,308.32
2022-09-05 23:00:00,308.5
2022-09-06 01:00:00,309.94
2022-09-06 02:00:00,308.12
2022-09-06 03:00:00,308.58
2022-09-06 04:00:00,307.53999999999996
2022-09-06 05:00:00,307.76
2022-09-06 06:00:00,308.4
2022-09-06 07:00:00,308.85999999999996
2022-09-06 23:00:00,308.82
2022-09-07 01:00:00,303.46
2022-09-07 02:00:00,302.94
2022-09-07 03:00:00,302.65999999999997
2022-09-07 04:00:00,302.97999999999996
2022-09-07 05:00:00,302.74
2022-09-07 06:00:00,303.08
2022-09-07 07:00:00,303.9
2022-09-07 23:00:00,303.91999999999996
2022-09-08 01:00:00,304.4
2022-09-08 02:00:00,304.09999999999997
2022-09-08 03:00:00,304.62
2022-09-08 04:00:00,305.41999999999996
2022-09-08 05:00:00,304.46
2022-09-08 06:00:00,304.26
2022-09-08 07:00:00,304.58
2022-09-08 23:00:00,304.32
2022-09-13 01:00:00,312.09999999999997
2022-09-13 02:00:00,312.96
2022-09-13 03:00:00,313.97999999999996
2022-09-13 04:00:00,314.08
2022-09-13 05:00:00,313.84
2022-09-13 06:00:00,314.94
2022-09-13 07:00:00,314.97999999999996
2022-09-13 23:00:00,315.24
2022-09-14 01:00:00,306.14
2022-09-14 02:00:00,308.4
2022-09-14 03:00:00,308.9
2022-09-14 04:00:00,308.08
2022-09-14 05:00:00,309.52
2022-09-14 06:00:00,307.96
2022-09-14 07:00:00,308.29999999999995
2022-09-14 23:00:00,308.09999999999997
2022-09-15 01:00:00,308.79999999999995
2022-09-15 02:00:00,309.06
2022-09-15 03:00:00,308.02
2022-09-15 04:00:00,307.14
2022-09-15 05:00:00,307.08
2022-09-15 06:00:00,306.41999999999996
2022-09-15 07:00:00,306.5
2022-09-15 23:00:00,306.76
2022-09-16 01:00:00,303.52
2022-09-16 02:00:00,303.65999999999997
2022-09-16 03:00:00,303.97999999999996
2022-09-16 04:00:00,303.08
2022-09-16 05:00:00,303.18
2022-09-16 06:00:00,303.14
2022-09-16 07:00:00,303.56
2022-09-16 23:00:00,303.47999999999996
2022-09-19 01:00:00,303.82
2022-09-19 02:00:00,303.35999999999996
2022-09-19 03:00:00,302.32
2022-09-19 04:00:00,302.03999999999996
2022-09-19 05:00:00,301.88
2022-09-19 06:00:00,301.74
2022-09-19 07:00:00,302.35999999999996
2022-09-19 23:00:00,302.18
2022-09-20 01:00:00,303.82
2022-09-20 02:00:00,303.28
2022-09-20 03:00:00,303.15999999999997
2022-09-20 04:00:00,302.96
2022-09-20 05:00:00,303.4
2022-09-20 06:00:00,303.26
2022-09-20 07:00:00,302.82
2022-09-20 23:00:00,302.84
2022-09-21 01:00:00,300.14
2022-09-21 02:00:00,299.64
2022-09-21 03:00:00,300.14
2022-09-21 04:00:00,300.26
2022-09-21 05:00:00,299.74
2022-09-21 06:00:00,300.15999999999997
2022-09-21 07:00:00,299.79999999999995
2022-09-21 23:00:00,299.74
2022-09-22 01:00:00,295.79999999999995
2022-09-22 02:00:00,295.14
2022-09-22 03:00:00,296.38
2022-09-22 04:00:00,295.78
2022-09-22 05:00:00,296.02
2022-09-22 06:00:00,296.64
2022-09-22 07:00:00,296.38
2022-09-22 23:00:00,296.38
2022-09-23 01:00:00,294.82
2022-09-23 02:00:00,294.9
2022-09-23 03:00:00,293.32
2022-09-23 04:00:00,292.88
2022-09-23 05:00:00,292.85999999999996
2022-09-23 06:00:00,292.84
2022-09-23 07:00:00,292.97999999999996
2022-09-23 23:00:00,293.12
2022-09-26 01:00:00,286.9
2022-09-26 02:00:00,286.41999999999996
2022-09-26 03:00:00,286.4
2022-09-26 04:00:00,286.2
2022-09-26 05:00:00,285.44
2022-09-26 06:00:00,285.78
2022-09-26 07:00:00,285.62
2022-09-26 23:00:00,285.29999999999995
2022-09-27 01:00:00,285.34
2022-09-27 02:00:00,283.84
2022-09-27 03:00:00,283.9
2022-09-27 04:00:00,283.06
2022-09-27 05:00:00,283.44
2022-09-27 06:00:00,283.47999999999996
2022-09-27 07:00:00,285.71999999999997
2022-09-27 23:00:00,285.71999999999997
2022-09-28 01:00:00,284.09999999999997
2022-09-28 02:00:00,279.4
2022-09-28 03:00:00,277.32
2022-09-28 04:00:00,277.64
2022-09-28 05:00:00,277.02
2022-09-28 06:00:00,279.03999999999996
2022-09-28 07:00:00,278.38
2022-09-28 23:00:00,278.02
2022-09-29 01:00:00,282.96
2022-09-29 02:00:00,282.74
2022-09-29 03:00:00,281.14
2022-09-29 04:00:00,282.2
2022-09-29 05:00:00,282.02
2022-09-29 06:00:00,280.38
2022-09-29 07:00:00,279.18
2022-09-29 23:00:00,279.59999999999997
2022-09-30 01:00:00,275.79999999999995
2022-09-30 02:00:00,278.71999999999997
2022-09-30 03:00:00,279.94
2022-09-30 04:00:00,279.09999999999997
2022-09-30 05:00:00,279.06
2022-09-30 06:00:00,277.64
2022-09-30 07:00:00,277.12
2022-09-30 23:00:00,277.29999999999995
2022-10-04 01:00:00,284.46
2022-10-04 02:00:00,284.53999999999996
2022-10-04 03:00:00,284.56
2022-10-04 04:00:00,284.62
2022-10-04 05:00:00,284.53999999999996
2022-10-04 06:00:00,284.58
2022-10-04 07:00:00,284.62
2022-10-04 23:00:00,284.94
2022-10-05 01:00:00,285.59999999999997
2022-10-05 02:00:00,284.5
2022-10-05 03:00:00,283.64
2022-10-05 04:00:00,285.15999999999997
2022-10-05 05:00:00,284.2
2022-10-05 06:00:00,284.88
2022-10-05 07:00:00,285.26
2022-10-05 23:00:00,285.52
2022-10-06 01:00:00,287.24
2022-10-06 02:00:00,287.65999999999997
2022-10-06 03:00:00,288.52
2022-10-06 04:00:00,288.21999999999997
2022-10-06 05:00:00,288.78
2022-10-06 06:00:00,287.96
2022-10-06 07:00:00,287.59999999999997
2022-10-06 23:00:00,287.38
2022-10-07 01:00:00,285.03999999999996
2022-10-07 02:00:00,286.62
2022-10-07 03:00:00,287.44
2022-10-07 04:00:00,287.56
2022-10-07 05:00:00,286.29999999999995
2022-10-07 06:00:00,286.91999999999996
2022-10-07 07:00:00,286.14
2022-10-07 07:00:01,286.14
2022-10-07 23:00:00,286.14
2022-10-11 01:00:00,278.76
2022-10-11 02:00:00,278.84
2022-10-11 03:00:00,278.8
2022-10-11 04:00:00,278.9
2022-10-11 05:00:00,279.36
2022-10-11 06:00:00,279.97999999999996
2022-10-11 07:00:00,280.2
2022-10-11 23:00:00,280.2
2022-10-12 01:00:00,281.24
2022-10-12 02:00:00,280.32
2022-10-12 03:00:00,280.74
2022-10-12 04:00:00,281.24
2022-10-12 05:00:00,282.53999999999996
2022-10-12 06:00:00,282.4
2022-10-12 07:00:00,283.08
2022-10-12 23:00:00,283.52
2022-10-13 01:00:00,281.15999999999997
2022-10-13 02:00:00,280.46
2022-10-13 03:00:00,279.68
2022-10-13 04:00:00,279.65999999999997
2022-10-13 05:00:00,279.58
2022-10-13 06:00:00,279.08
2022-10-13 07:00:00,277.71999999999997
2022-10-13 23:00:00,277.7
2022-10-14 01:00:00,284.4
2022-10-14 02:00:00,285.86
2022-10-14 03:00:00,285.78
2022-10-14 04:00:00,286.0
2022-10-14 05:00:00,285.24
2022-10-14 06:00:00,285.26
2022-10-14 07:00:00,285.7
2022-10-14 23:00:00,286.0
2022-10-17 01:00:00,283.28
2022-10-17 02:00:00,283.64
2022-10-17 03:00:00,284.26
2022-10-17 04:00:00,284.62
2022-10-17 05:00:00,284.94
2022-10-17 06:00:00,285.64
2022-10-17 07:00:00,284.9
2022-10-17 23:00:00,284.62
2022-10-18 01:00:00,288.09999999999997
2022-10-18 02:00:00,286.7
2022-10-18 03:00:00,285.96
2022-10-18 04:00:00,287.68
2022-10-18 05:00:00,288.3
2022-10-18 06:00:00,288.71999999999997
2022-10-18 07:00:00,289.32
2022-10-18 23:00:00,289.68
2022-10-19 01:00:00,289.84
2022-10-19 02:00:00,290.68
2022-10-19 03:00:00,289.71999999999997
2022-10-19 04:00:00,288.62
2022-10-19 05:00:00,288.41999999999996
2022-10-19 06:00:00,287.12
2022-10-19 07:00:00,286.68
2022-10-19 23:00:00,286.64
2022-10-20 01:00:00,283.3
2022-10-20 02:00:00,282.5
2022-10-20 03:00:00,283.41999999999996
2022-10-20 04:00:00,282.62
2022-10-20 05:00:00,284.14
2022-10-20 06:00:00,284.06
2022-10-20 07:00:00,283.64
2022-10-20 23:00:00,283.82
2022-10-21 01:00:00,284.46
2022-10-21 02:00:00,283.8
2022-10-21 03:00:00,284.74
2022-10-21 04:00:00,284.94
2022-10-21 05:00:00,284.7
2022-10-21 06:00:00,284.36
2022-10-21 07:00:00,284.56
2022-10-21 23:00:00,284.71999999999997
2022-10-24 01:00:00,289.76
2022-10-24 02:00:00,288.84
2022-10-24 03:00:00,287.34
2022-10-24 04:00:00,286.86
2022-10-24 05:00:00,287.28
2022-10-24 06:00:00,286.68
2022-10-24 07:00:00,287.64
2022-10-24 23:00:00,287.91999999999996
2022-10-25 01:00:00,289.12
2022-10-25 02:00:00,288.74
2022-10-25 03:00:00,287.7
2022-10-25 04:00:00,288.5
2022-10-25 05:00:00,288.06
2022-10-25 06:00:00,287.41999999999996
2022-10-25 07:00:00,287.59999999999997
2022-10-25 23:00:00,287.56
2022-10-26 01:00:00,288.47999999999996
2022-10-26 02:00:00,289.56
2022-10-26 03:00:00,290.9
2022-10-26 04:00:00,290.56
2022-10-26 05:00:00,290.12
2022-10-26 06:00:00,289.53999999999996
2022-10-26 07:00:00,289.86
2022-10-26 23:00:00,289.86
2022-10-27 01:00:00,293.52
2022-10-27 02:00:00,294.65999999999997
2022-10-27 03:00:00,293.41999999999996
2022-10-27 04:00:00,293.78
2022-10-27 05:00:00,294.5
2022-10-27 06:00:00,294.74
2022-10-27 07:00:00,294.8
2022-10-27 23:00:00,294.8
2022-10-28 01:00:00,292.91999999999996
2022-10-28 02:00:00,294.03999999999996
2022-10-28 03:00:00,293.28
2022-10-28 04:00:00,292.38
2022-10-28 05:00:00,291.94
2022-10-28 06:00:00,291.18
2022-10-28 07:00:00,290.68
2022-10-28 23:00:00,290.88
2022-10-31 01:00:00,295.15999999999997
2022-10-31 02:00:00,295.18
2022-10-31 03:00:00,295.52
2022-10-31 04:00:00,295.26
2022-10-31 05:00:00,295.08
2022-10-31 06:00:00,295.78
2022-10-31 23:00:00,293.2
2022-11-01 01:00:00,298.44
2022-11-01 02:00:00,299.18
2022-11-01 03:00:00,299.08
2022-11-01 04:00:00,298.08
2022-11-01 05:00:00,299.21999999999997
2022-11-01 06:00:00,299.53999999999996
2022-11-01 23:00:00,297.32
2022-11-02 01:00:00,300.28
2022-11-02 02:00:00,300.24
2022-11-02 03:00:00,299.62
2022-11-02 04:00:00,299.3
2022-11-02 05:00:00,299.96
2022-11-02 06:00:00,299.74
2022-11-02 23:00:00,299.3
2022-11-03 01:00:00,295.97999999999996
2022-11-03 02:00:00,296.09999999999997
2022-11-03 03:00:00,297.02
2022-11-03 04:00:00,297.7
2022-11-03 05:00:00,299.08
2022-11-03 06:00:00,297.18
2022-11-03 23:00:00,294.56
2022-11-04 01:00:00,298.18
2022-11-04 02:00:00,297.52
2022-11-04 03:00:00,298.06
2022-11-04 04:00:00,299.12
2022-11-04 05:00:00,298.84
2022-11-04 06:00:00,300.62
2022-11-04 23:00:00,296.21999999999997
2022-11-07 01:00:00,303.06
2022-11-07 02:00:00,303.18
2022-11-07 03:00:00,303.41999999999996
2022-11-07 04:00:00,303.28
2022-11-07 05:00:00,303.21999999999997
2022-11-07 06:00:00,303.91999999999996
2022-11-07 23:00:00,301.97999999999996
2022-11-08 01:00:00,306.86
2022-11-08 02:00:00,307.06
2022-11-08 03:00:00,308.21999999999997
2022-11-08 04:00:00,307.4
2022-11-08 05:00:00,307.7
2022-11-08 06:00:00,308.02
2022-11-08 23:00:00,305.8
2022-11-09 01:00:00,310.91999999999996
2022-11-09 02:00:00,311.71999999999997
2022-11-09 03:00:00,311.15999999999997
2022-11-09 04:00:00,311.47999999999996
2022-11-09 05:00:00,310.91999999999996
2022-11-09 06:00:00,311.21999999999997
2022-11-09 23:00:00,310.2
2022-11-10 01:00:00,309.68
2022-11-10 02:00:00,308.78
2022-11-10 03:00:00,308.06
2022-11-10 04:00:00,308.58
2022-11-10 05:00:00,307.82
2022-11-10 06:00:00,307.52
2022-11-10 23:00:00,307.52
2022-11-11 01:00:00,307.52
2022-11-11 02:00:00,307.52
2022-11-11 03:00:00,307.52
2022-11-11 04:00:00,307.52
2022-11-11 05:00:00,307.52
2022-11-11 06:00:00,307.52
2022-11-11 23:00:00,307.52
2022-11-14 01:00:00,307.52
2022-11-14 02:00:00,307.52
2022-11-14 03:00:00,307.52
2022-11-14 04:00:00,307.52
2022-11-14 05:00:00,307.52
2022-11-14 06:00:00,307.52
2022-11-14 06:00:01,317.24
2022-11-14 06:00:02,317.24
2022-11-14 23:00:00,319.82000000000005
2022-11-15 01:00:00,316.28000000000003
2022-11-15 02:00:00,316.68
2022-11-15 03:00:00,317.68
2022-11-15 04:00:00,317.3
2022-11-15 05:00:00,316.94000000000005
2022-11-15 06:00:00,317.78000000000003
2022-11-15 23:00:00,316.68
2022-11-16 01:00:00,315.54
2022-11-16 02:00:00,317.06000000000006
2022-11-16 03:00:00,318.04
2022-11-16 04:00:00,316.24
2022-11-16 05:00:00,317.68
2022-11-16 06:00:00,317.34000000000003
2022-11-16 23:00:00,314.14000000000004
2022-11-17 01:00:00,314.36
2022-11-17 02:00:00,313.92
2022-11-17 03:00:00,314.06000000000006
2022-11-17 04:00:00,312.86
2022-11-17 05:00:00,313.24
2022-11-17 06:00:00,313.70000000000005
2022-11-17 23:00:00,314.15000000000003
2022-11-18 01:00:00,314.88000000000005
2022-11-18 02:00:00,314.20000000000005
2022-11-18 03:00:00,314.50000000000006
2022-11-18 04:00:00,313.14000000000004
2022-11-18 05:00:00,313.06000000000006
2022-11-18 06:00:00,312.54
2022-11-18 23:00:00,314.86
2022-11-21 01:00:00,309.24
2022-11-21 02:00:00,309.3
2022-11-21 03:00:00,309.82000000000005
2022-11-21 04:00:00,309.66
2022-11-21 05:00:00,310.20000000000005
2022-11-21 06:00:00,309.68
2022-11-21 23:00:00,309.98
2022-11-22 01:00:00,309.02000000000004
2022-11-22 02:00:00,309.18
2022-11-22 03:00:00,308.64000000000004
2022-11-22 04:00:00,308.42
2022-11-22 05:00:00,308.00000000000006
2022-11-22 06:00:00,307.44000000000005
2022-11-22 23:00:00,308.28000000000003
2022-11-23 01:00:00,309.44000000000005
2022-11-23 02:00:00,309.78000000000003
2022-11-23 03:00:00,310.04
2022-11-23 04:00:00,309.46000000000004
2022-11-23 05:00:00,309.86
2022-11-23 06:00:00,310.02000000000004
2022-11-23 23:00:00,309.66
2022-11-24 01:00:00,311.58000000000004
2022-11-24 02:00:00,311.14000000000004
2022-11-24 03:00:00,311.36
2022-11-24 04:00:00,312.74
2022-11-24 05:00:00,312.52000000000004
2022-11-24 06:00:00,313.1
2022-11-24 23:00:00,311.36
2022-11-25 01:00:00,312.00000000000006
2022-11-25 02:00:00,311.50000000000006
2022-11-25 03:00:00,311.58000000000004
2022-11-25 04:00:00,312.16
2022-11-25 05:00:00,311.8
2022-11-25 06:00:00,311.36
2022-11-25 23:00:00,312.34000000000003
2022-11-28 01:00:00,307.14000000000004
2022-11-28 02:00:00,308.22
2022-11-28 03:00:00,308.00000000000006
2022-11-28 04:00:00,308.20000000000005
2022-11-28 05:00:00,307.04
2022-11-28 06:00:00,307.84000000000003
2022-11-28 23:00:00,307.68
2022-11-29 01:00:00,308.82000000000005
2022-11-29 02:00:00,308.72
2022-11-29 03:00:00,309.62000000000006
2022-11-29 04:00:00,310.16
2022-11-29 05:00:00,310.66
2022-11-29 06:00:00,310.64000000000004
2022-11-29 23:00:00,310.6
2022-11-30 01:00:00,312.48
2022-11-30 02:00:00,312.54
2022-11-30 03:00:00,313.02000000000004
2022-11-30 04:00:00,313.8
2022-11-30 05:00:00,314.74
2022-11-30 06:00:00,314.82000000000005
2022-11-30 23:00:00,312.86
2022-12-01 01:00:00,318.18
2022-12-01 02:00:00,317.44000000000005
2022-12-01 03:00:00,317.46000000000004
2022-12-01 04:00:00,317.04
2022-12-01 05:00:00,317.46000000000004
2022-12-01 06:00:00,317.98
2022-12-01 23:00:00,318.00000000000006
2022-12-02 01:00:00,313.06000000000006
2022-12-02 02:00:00,312.40000000000003
2022-12-02 03:00:00,311.94000000000005
2022-12-02 04:00:00,311.64000000000004
2022-12-02 05:00:00,310.90000000000003
2022-12-02 06:00:00,309.96000000000004
2022-12-02 23:00:00,313.26000000000005
2022-12-05 01:00:00,311.14000000000004
2022-12-05 02:00:00,309.16
2022-12-05 03:00:00,309.24
2022-12-05 04:00:00,308.3
2022-12-05 05:00:00,309.42
2022-12-05 06:00:00,309.3
2022-12-05 06:00:01,309.3
2022-12-05 23:00:00,309.54
2022-12-06 01:00:00,306.28000000000003
2022-12-06 02:00:00,306.7
2022-12-06 03:00:00,306.6
2022-12-06 04:00:00,305.64
2022-12-06 05:00:00,304.94
2022-12-06 06:00:00,304.6
2022-12-06 23:00:00,304.64
2022-12-07 01:00:00,304.40000000000003
2022-12-07 02:00:00,303.5
2022-12-07 03:00:00,303.94
2022-12-07 04:00:00,304.26
2022-12-07 05:00:00,303.52000000000004
2022-12-07 06:00:00,302.86
2022-12-07 23:00:00,303.40000000000003
2022-12-08 01:00:00,301.44
2022-12-08 02:00:00,301.84000000000003
2022-12-08 03:00:00,302.36
2022-12-08 04:00:00,301.6
2022-12-08 05:00:00,302.7
2022-12-08 06:00:00,303.42
2022-12-08 23:00:00,303.34000000000003
2022-12-09 01:00:00,306.28000000000003
2022-12-09 02:00:00,305.6
2022-12-09 03:00:00,306.28000000000003
2022-12-09 04:00:00,305.8
2022-12-09 05:00:00,306.1
2022-12-09 06:00:00,306.66
2022-12-09 23:00:00,306.78000000000003
2022-12-12 01:00:00,304.52000000000004
2022-12-12 02:00:00,304.26
2022-12-12 03:00:00,304.32
2022-12-12 04:00:00,304.62
2022-12-12 05:00:00,304.46000000000004
2022-12-12 06:00:00,304.3
2022-12-12 23:00:00,304.26
2022-12-13 01:00:00,304.2
2022-12-13 02:00:00,304.26
2022-12-13 03:00:00,303.78000000000003
2022-12-13 04:00:00,303.8
2022-12-13 05:00:00,304.24
2022-12-13 06:00:00,304.38
2022-12-13 23:00:00,304.54
2022-12-14 01:00:00,306.88
2022-12-14 02:00:00,306.74
2022-12-14 03:00:00,306.92
2022-12-14 04:00:00,307.28000000000003
2022-12-14 05:00:00,307.42
2022-12-14 06:00:00,307.38
2022-12-14 23:00:00,307.28000000000003
2022-12-15 01:00:00,304.22
2022-12-15 02:00:00,303.96000000000004
2022-12-15 03:00:00,303.82
2022-12-15 04:00:00,303.26
2022-12-15 05:00:00,302.66
2022-12-15 06:00:00,302.52000000000004
2022-12-15 23:00:00,305.76
2022-12-16 01:00:00,299.8
2022-12-16 02:00:00,301.08
2022-12-16 03:00:00,300.64
2022-12-16 04:00:00,300.0
2022-12-16 05:00:00,301.02000000000004
2022-12-16 06:00:00,300.8
2022-12-16 23:00:00,299.06
2022-12-19 01:00:00,301.68
2022-12-19 02:00:00,301.06
2022-12-19 03:00:00,300.62
2022-12-19 04:00:00,300.16
2022-12-19 05:00:00,300.8
2022-12-19 06:00:00,300.66
2022-12-19 23:00:00,300.32
2022-12-20 01:00:00,300.38
2022-12-20 02:00:00,299.98
2022-12-20 03:00:00,298.40000000000003
2022-12-20 04:00:00,298.40000000000003
2022-12-20 05:00:00,298.08
2022-12-20 06:00:00,298.0
2022-12-20 23:00:00,298.92
2022-12-21 01:00:00,298.72
2022-12-21 02:00:00,298.48
2022-12-21 03:00:00,297.82
2022-12-21 04:00:00,297.66
2022-12-21 05:00:00,297.24
2022-12-21 06:00:00,297.42
2022-12-21 23:00:00,297.82
2022-12-22 01:00:00,299.64
2022-12-22 02:00:00,299.7
2022-12-22 03:00:00,299.58
2022-12-22 04:00:00,300.28000000000003
2022-12-22 05:00:00,300.8
2022-12-22 06:00:00,301.36
2022-12-22 23:00:00,301.3
2022-12-23 01:00:00,296.44
2022-12-23 02:00:00,295.58
2022-12-23 03:00:00,296.6
2022-12-23 04:00:00,296.56
2022-12-23 05:00:00,296.18
2022-12-23 06:00:00,295.7
2022-12-23 23:00:00,295.7
2022-12-26 01:00:00,295.58
2022-12-26 02:00:00,295.7
2022-12-26 03:00:00,296.36
2022-12-26 04:00:00,296.32
2022-12-26 05:00:00,296.26
2022-12-26 06:00:00,296.3
2022-12-26 23:00:00,295.58
2022-12-27 01:00:00,298.02000000000004
2022-12-27 02:00:00,298.42
2022-12-27 03:00:00,297.28000000000003
2022-12-27 04:00:00,297.48
2022-12-27 05:00:00,298.12
2022-12-27 06:00:00,298.26
2022-12-27 23:00:00,297.2
2022-12-28 01:00:00,295.72
2022-12-28 02:00:00,294.84000000000003
2022-12-28 03:00:00,294.86
2022-12-28 04:00:00,295.42
2022-12-28 05:00:00,294.66
2022-12-28 06:00:00,294.64
2022-12-28 23:00:00,294.78000000000003
2022-12-29 01:00:00,290.72
2022-12-29 02:00:00,290.78000000000003
2022-12-29 03:00:00,289.98
2022-12-29 04:00:00,290.56
2022-12-29 05:00:00,289.92
2022-12-29 06:00:00,289.8
2022-12-29 23:00:00,292.64
2023-01-02 01:00:00,290.44
2023-01-02 02:00:00,289.56
2023-01-02 03:00:00,288.1
2023-01-02 04:00:00,288.32
2023-01-02 05:00:00,288.02000000000004
2023-01-02 06:00:00,287.92
2023-01-02 23:00:00,287.76
2023-01-03 01:00:00,282.72
2023-01-03 02:00:00,285.56
2023-01-03 03:00:00,287.92
2023-01-03 04:00:00,287.48
2023-01-03 05:00:00,288.68
2023-01-03 06:00:00,287.64
2023-01-03 23:00:00,287.5
2023-01-04 01:00:00,291.58
2023-01-04 02:00:00,291.7
2023-01-04 03:00:00,293.04
2023-01-04 04:00:00,293.90000000000003
2023-01-04 05:00:00,294.1
2023-01-04 06:00:00,293.58
2023-01-04 23:00:00,293.5
2023-01-05 01:00:00,296.18
2023-01-05 02:00:00,295.16
2023-01-05 03:00:00,294.14
2023-01-05 04:00:00,295.36
2023-01-05 05:00:00,295.8
2023-01-05 06:00:00,295.32
2023-01-05 23:00:00,295.48
2023-01-06 01:00:00,298.28000000000003
2023-01-06 02:00:00,299.44
2023-01-06 03:00:00,300.08
2023-01-06 04:00:00,300.7
2023-01-06 05:00:00,298.56
2023-01-06 06:00:00,299.46000000000004
2023-01-06 23:00:00,299.64
2023-01-09 01:00:00,306.04
2023-01-09 02:00:00,305.16
2023-01-09 03:00:00,305.78000000000003
2023-01-09 04:00:00,307.22
2023-01-09 05:00:00,307.24
2023-01-09 06:00:00,307.68
2023-01-09 23:00:00,307.94
2023-01-10 01:00:00,309.8
2023-01-10 02:00:00,307.18
2023-01-10 03:00:00,307.94
2023-01-10 04:00:00,307.2
2023-01-10 05:00:00,308.08
2023-01-10 06:00:00,307.3
2023-01-10 23:00:00,307.74
2023-01-11 01:00:00,308.06
2023-01-11 02:00:00,307.64
2023-01-11 03:00:00,307.46000000000004
2023-01-11 04:00:00,308.62
2023-01-11 05:00:00,308.66
2023-01-11 06:00:00,308.12
2023-01-11 06:00:01,308.12
2023-01-11 06:00:02,308.12
2023-01-11 23:00:00,307.86
2023-01-12 01:00:00,308.24
2023-01-12 02:00:00,308.08
2023-01-12 03:00:00,308.56
2023-01-12 04:00:00,309.32
2023-01-12 05:00:00,309.38
2023-01-12 06:00:00,309.12
2023-01-12 23:00:00,309.42
2023-01-13 01:00:00,312.1
2023-01-13 02:00:00,310.88
2023-01-13 03:00:00,311.26
2023-01-13 04:00:00,311.78000000000003
2023-01-13 05:00:00,311.96
2023-01-13 06:00:00,311.28000000000003
2023-01-13 23:00:00,312.62
2023-01-16 01:00:00,314.62
2023-01-16 02:00:00,315.3
2023-01-16 03:00:00,314.52
2023-01-16 04:00:00,314.52
2023-01-16 05:00:00,313.82
2023-01-16 06:00:00,313.72
2023-01-16 23:00:00,313.82
2023-01-17 01:00:00,311.92
2023-01-17 02:00:00,311.7
2023-01-17 03:00:00,312.22
2023-01-17 04:00:00,311.82
2023-01-17 05:00:00,311.32
2023-01-17 06:00:00,311.42
2023-01-17 23:00:00,313.56
2023-01-18 01:00:00,308.02
2023-01-18 02:00:00,308.82
2023-01-18 03:00:00,308.22
2023-01-18 04:00:00,308.72
2023-01-18 05:00:00,308.96
2023-01-18 06:00:00,309.6
2023-01-18 23:00:00,309.12
2023-01-19 01:00:00,309.82
2023-01-19 02:00:00,310.62
2023-01-19 03:00:00,310.94
2023-01-19 04:00:00,310.32
2023-01-19 05:00:00,310.82
2023-01-19 06:00:00,310.88
2023-01-19 23:00:00,310.87
2023-01-20 01:00:00,310.28000000000003
2023-01-20 02:00:00,311.02
2023-01-20 03:00:00,311.88
2023-01-20 04:00:00,312.36
2023-01-20 05:00:00,313.02
2023-01-20 06:00:00,313.3
2023-01-20 23:00:00,312.97
2023-01-25 01:00:00,318.28000000000003
2023-01-25 02:00:00,317.82
2023-01-25 03:00:00,318.04
2023-01-25 04:00:00,317.82
2023-01-25 05:00:00,318.02
2023-01-25 06:00:00,318.26
2023-01-25 23:00:00,318.62
2023-01-26 01:00:00,319.42
2023-01-26 02:00:00,319.76
2023-01-26 03:00:00,319.98
2023-01-26 04:00:00,321.32
2023-01-26 05:00:00,322.9
2023-01-26 06:00:00,322.52
2023-01-26 23:00:00,322.77
2023-01-27 01:00:00,325.64
2023-01-27 02:00:00,326.04
2023-01-27 03:00:00,325.22
2023-01-27 04:00:00,325.46
2023-01-27 05:00:00,325.64
2023-01-27 06:00:00,324.92
2023-01-27 23:00:00,324.68
2023-01-30 01:00:00,322.44
2023-01-30 02:00:00,320.28000000000003
2023-01-30 03:00:00,320.54
2023-01-30 04:00:00,320.66
2023-01-30 05:00:00,320.3
2023-01-30 06:00:00,320.24
2023-01-30 23:00:00,322.3
2023-01-31 01:00:00,317.8
2023-01-31 02:00:00,317.22
2023-01-31 03:00:00,316.14
2023-01-31 04:00:00,315.62
2023-01-31 05:00:00,314.56
2023-01-31 06:00:00,314.82
2023-01-31 23:00:00,319.86
2023-02-01 01:00:00,317.12
2023-02-01 02:00:00,316.88
2023-02-01 03:00:00,317.12
2023-02-01 04:00:00,316.02
2023-02-01 05:00:00,316.62
2023-02-01 06:00:00,318.56
2023-02-01 23:00:00,317.48
2023-02-02 01:00:00,320.02
2023-02-02 02:00:00,320.32
2023-02-02 03:00:00,321.42
2023-02-02 04:00:00,321.78000000000003
2023-02-02 05:00:00,321.6
2023-02-02 06:00:00,320.92
2023-02-02 23:00:00,322.02
2023-02-03 01:00:00,321.7
2023-02-03 02:00:00,322.46
2023-02-03 03:00:00,323.66
2023-02-03 04:00:00,323.26
2023-02-03 05:00:00,323.28000000000003
2023-02-03 06:00:00,322.44
2023-02-03 23:00:00,320.42
2023-02-06 01:00:00,319.96
2023-02-06 02:00:00,319.18
2023-02-06 03:00:00,318.34000000000003
2023-02-06 04:00:00,317.88
2023-02-06 05:00:00,317.4
2023-02-06 06:00:00,315.14
2023-02-06 23:00:00,319.5
2023-02-07 01:00:00,317.84000000000003
2023-02-07 02:00:00,317.84000000000003
2023-02-07 03:00:00,317.46
2023-02-07 04:00:00,317.2
2023-02-07 05:00:00,317.66
2023-02-07 06:00:00,317.22
2023-02-07 23:00:00,316.82
2023-02-08 01:00:00,321.92
2023-02-08 02:00:00,322.76
2023-02-08 03:00:00,322.88
2023-02-08 04:00:00,323.14
2023-02-08 05:00:00,322.66
2023-02-08 06:00:00,322.3
2023-02-08 23:00:00,320.72
2023-02-09 01:00:00,321.86
2023-02-09 02:00:00,321.82
2023-02-09 03:00:00,321.66
2023-02-09 04:00:00,321.74
2023-02-09 05:00:00,321.92
2023-02-09 06:00:00,320.94
2023-02-09 23:00:00,320.42
2023-02-10 01:00:00,319.74
2023-02-10 02:00:00,319.78000000000003
2023-02-10 03:00:00,319.28000000000003
2023-02-10 04:00:00,319.54
2023-02-10 05:00:00,319.7
2023-02-10 06:00:00,319.86
2023-02-10 23:00:00,319.87
2023-02-13 01:00:00,316.58
2023-02-13 02:00:00,316.88
2023-02-13 03:00:00,317.46
2023-02-13 04:00:00,317.14
2023-02-13 05:00:00,317.98
2023-02-13 06:00:00,318.26
2023-02-13 23:00:00,318.78000000000003
2023-02-14 01:00:00,320.58
2023-02-14 02:00:00,320.64
2023-02-14 03:00:00,321.3
2023-02-14 04:00:00,320.5
2023-02-14 05:00:00,320.08
2023-02-14 06:00:00,320.5
2023-02-14 23:00:00,320.7
2023-02-15 01:00:00,315.76
2023-02-15 02:00:00,314.9
2023-02-15 03:00:00,315.14
2023-02-15 04:00:00,314.32
2023-02-15 05:00:00,314.32
2023-02-15 06:00:00,313.72
2023-02-15 23:00:00,313.52
2023-02-16 01:00:00,319.94
2023-02-16 02:00:00,320.5
2023-02-16 03:00:00,319.92
2023-02-16 04:00:00,320.1
2023-02-16 05:00:00,320.36
2023-02-16 06:00:00,320.16
2023-02-16 23:00:00,317.72
2023-02-17 01:00:00,318.5
2023-02-17 02:00:00,317.82
2023-02-17 03:00:00,318.36
2023-02-17 04:00:00,317.8
2023-02-17 05:00:00,317.22
2023-02-17 06:00:00,317.28000000000003
2023-02-17 23:00:00,319.16
2023-02-20 01:00:00,318.24
2023-02-20 02:00:00,319.18
2023-02-20 03:00:00,318.74
2023-02-20 04:00:00,317.96
2023-02-20 05:00:00,317.2
2023-02-20 05:00:01,317.2
2023-02-20 06:00:00,318.46000000000004
2023-02-20 23:00:00,316.06
2023-02-21 01:00:00,318.36
2023-02-21 02:00:00,318.08000000000004
2023-02-21 03:00:00,318.04
2023-02-21 04:00:00,318.06
2023-02-21 05:00:00,317.78000000000003
2023-02-21 06:00:00,317.86
2023-02-21 23:00:00,317.42
2023-02-22 01:00:00,312.86
2023-02-22 02:00:00,313.06
2023-02-22 03:00:00,313.56
2023-02-22 04:00:00,312.46000000000004
2023-02-22 05:00:00,312.54
2023-02-22 06:00:00,312.26
2023-02-22 23:00:00,313.86
2023-02-23 01:00:00,316.58000000000004
2023-02-23 02:00:00,317.3
2023-02-23 03:00:00,316.06
2023-02-23 04:00:00,316.5
2023-02-23 05:00:00,316.88
2023-02-23 06:00:00,316.02000000000004
2023-02-23 23:00:00,313.56
2023-02-24 01:00:00,316.36
2023-02-24 02:00:00,315.26
2023-02-24 03:00:00,314.78000000000003
2023-02-24 04:00:00,313.5
2023-02-24 05:00:00,313.76
2023-02-24 06:00:00,313.72
2023-02-24 23:00:00,316.86
2023-02-27 01:00:00,309.64
2023-02-27 02:00:00,309.96000000000004
2023-02-27 03:00:00,308.90000000000003
2023-02-27 04:00:00,308.84000000000003
2023-02-27 05:00:00,309.06
2023-02-27 06:00:00,310.04
2023-02-27 23:00:00,308.06
2023-02-28 01:00:00,313.5
2023-02-28 02:00:00,313.14
2023-02-28 03:00:00,313.1
2023-02-28 04:00:00,312.3
2023-02-28 05:00:00,311.66
2023-02-28 06:00:00,311.58000000000004
2023-02-28 23:00:00,311.62
2023-03-02 01:00:00,311.3
2023-03-02 02:00:00,313.64
2023-03-02 03:00:00,313.26
2023-03-02 04:00:00,313.34000000000003
2023-03-02 05:00:00,312.44
2023-03-02 06:00:00,311.5
2023-03-02 23:00:00,312.82
2023-03-03 01:00:00,311.84000000000003
2023-03-03 02:00:00,311.88
2023-03-03 03:00:00,312.36
2023-03-03 04:00:00,312.34000000000003
2023-03-03 05:00:00,312.36
2023-03-03 06:00:00,312.88
2023-03-03 23:00:00,313.66
2023-03-06 01:00:00,314.06
2023-03-06 02:00:00,316.34000000000003
2023-03-06 03:00:00,316.72
2023-03-06 04:00:00,316.74
2023-03-06 05:00:00,316.78000000000003
2023-03-06 06:00:00,316.72
2023-03-06 23:00:00,315.1
2023-03-07 01:00:00,316.26
2023-03-07 02:00:00,316.84000000000003
2023-03-07 03:00:00,317.06
2023-03-07 04:00:00,317.04
2023-03-07 05:00:00,316.96000000000004
2023-03-07 06:00:00,315.28000000000003
2023-03-07 23:00:00,316.08000000000004
2023-03-08 01:00:00,311.36
2023-03-08 02:00:00,310.26
2023-03-08 03:00:00,310.6
2023-03-08 04:00:00,310.74
2023-03-08 05:00:00,311.1
2023-03-08 06:00:00,310.54
2023-03-08 23:00:00,312.04
2023-03-09 01:00:00,310.74
2023-03-09 02:00:00,310.54
2023-03-09 03:00:00,310.68
2023-03-09 04:00:00,310.14
2023-03-09 05:00:00,310.26
2023-03-09 06:00:00,309.40000000000003
2023-03-09 23:00:00,311.06
2023-03-10 01:00:00,305.7
2023-03-10 02:00:00,305.58000000000004
2023-03-10 03:00:00,305.74
2023-03-10 04:00:00,305.98
2023-03-10 05:00:00,305.84000000000003
2023-03-10 06:00:00,306.22
2023-03-10 23:00:00,305.06
2023-03-13 01:00:00,304.58000000000004
2023-03-13 02:00:00,307.72
2023-03-13 03:00:00,307.36
2023-03-13 04:00:00,308.06
2023-03-13 05:00:00,309.1
2023-03-13 06:00:00,308.48
2023-03-13 23:00:00,308.74
2023-03-14 01:00:00,302.56
2023-03-14 02:00:00,303.2
2023-03-14 03:00:00,302.90000000000003
2023-03-14 04:00:00,302.24
2023-03-14 05:00:00,301.88
2023-03-14 06:00:00,301.64
2023-03-14 23:00:00,302.92
2023-03-15 01:00:00,306.84000000000003
2023-03-15 02:00:00,306.62
2023-03-15 03:00:00,305.16
2023-03-15 04:00:00,305.52000000000004
2023-03-15 05:00:00,304.98
2023-03-15 06:00:00,304.94
2023-03-15 23:00:00,305.66
2023-03-16 01:00:00,304.14
2023-03-16 02:00:00,304.42
2023-03-16 03:00:00,303.32
2023-03-16 04:00:00,304.28000000000003
2023-03-16 05:00:00,304.06
2023-03-16 06:00:00,304.16
2023-03-16 23:00:00,303.46000000000004
2023-03-17 01:00:00,306.84000000000003
2023-03-17 02:00:00,307.2
2023-03-17 03:00:00,307.46000000000004
2023-03-17 04:00:00,307.62
2023-03-17 05:00:00,307.5
2023-03-17 06:00:00,307.94
2023-03-17 23:00:00,307.94
2023-03-20 01:00:00,306.88
2023-03-20 02:00:00,306.86
2023-03-20 03:00:00,306.02000000000004
2023-03-20 04:00:00,305.40000000000003
2023-03-20 05:00:00,305.52000000000004
2023-03-20 06:00:00,305.06
2023-03-20 23:00:00,304.58000000000004
2023-03-21 01:00:00,307.26
2023-03-21 02:00:00,307.0
2023-03-21 03:00:00,306.46000000000004
2023-03-21 04:00:00,305.6
2023-03-21 05:00:00,305.82
2023-03-21 06:00:00,306.38
2023-03-21 23:00:00,306.72
2023-03-22 01:00:00,309.18
2023-03-22 02:00:00,308.6
2023-03-22 03:00:00,308.84000000000003
2023-03-22 04:00:00,308.94
2023-03-22 05:00:00,309.24
2023-03-22 06:00:00,309.86
2023-03-22 23:00:00,309.86
2023-03-23 01:00:00,308.76
2023-03-23 02:00:00,310.40000000000003
2023-03-23 03:00:00,310.06
2023-03-23 04:00:00,310.22
2023-03-23 05:00:00,310.56
2023-03-23 06:00:00,310.76
2023-03-23 23:00:00,310.64
2023-03-24 01:00:00,308.84000000000003
2023-03-24 02:00:00,308.86
2023-03-24 03:00:00,308.92
2023-03-24 04:00:00,309.08000000000004
2023-03-24 05:00:00,309.3
2023-03-24 06:00:00,309.56
2023-03-24 23:00:00,309.78000000000003
2023-03-27 01:00:00,307.82
2023-03-27 02:00:00,306.6
2023-03-27 03:00:00,308.44
2023-03-27 04:00:00,308.90000000000003
2023-03-27 05:00:00,308.38
2023-03-27 06:00:00,308.46000000000004
2023-03-27 07:00:00,308.64
2023-03-27 23:00:00,308.72
2023-03-28 01:00:00,310.08000000000004
2023-03-28 02:00:00,310.08000000000004
2023-03-28 03:00:00,309.98
2023-03-28 04:00:00,309.92
2023-03-28 05:00:00,310.5
2023-03-28 06:00:00,311.04
2023-03-28 07:00:00,311.88
2023-03-28 23:00:00,311.90000000000003
2023-03-29 01:00:00,311.46000000000004
2023-03-29 02:00:00,311.32
2023-03-29 03:00:00,311.14
2023-03-29 04:00:00,310.8
2023-03-29 05:00:00,310.8
2023-03-29 06:00:00,312.06
2023-03-29 07:00:00,312.66
2023-03-29 23:00:00,312.44
2023-03-30 01:00:00,313.3
2023-03-30 02:00:00,314.6
2023-03-30 03:00:00,313.40000000000003
2023-03-30 04:00:00,314.56
2023-03-30 05:00:00,315.28000000000003
2023-03-30 06:00:00,315.32
2023-03-30 07:00:00,314.38
2023-03-30 23:00:00,314.38
2023-03-31 01:00:00,317.1
2023-03-31 02:00:00,318.08000000000004
2023-03-31 03:00:00,318.14
2023-03-31 04:00:00,318.26
2023-03-31 05:00:00,318.2
2023-03-31 06:00:00,318.3
2023-03-31 07:00:00,317.96000000000004
2023-03-31 23:00:00,318.06
2023-04-03 01:00:00,317.92
2023-04-03 02:00:00,316.8
2023-04-03 03:00:00,316.36
2023-04-03 04:00:00,316.32
2023-04-03 05:00:00,316.6
2023-04-03 06:00:00,316.22
2023-04-03 07:00:00,316.64
2023-04-03 23:00:00,316.54
2023-04-04 01:00:00,317.68
2023-04-04 02:00:00,317.40000000000003
2023-04-04 03:00:00,316.88
2023-04-04 04:00:00,318.0
2023-04-04 05:00:00,318.0
2023-04-04 06:00:00,317.74
2023-04-04 07:00:00,317.86
2023-04-04 23:00:00,317.96000000000004
2023-04-05 01:00:00,318.64
2023-04-05 02:00:00,318.32
2023-04-05 03:00:00,318.96000000000004
2023-04-05 04:00:00,319.14
2023-04-05 05:00:00,319.04
2023-04-05 06:00:00,319.6
2023-04-05 07:00:00,319.88
2023-04-05 23:00:00,320.06
2023-04-06 01:00:00,316.52000000000004
2023-04-06 02:00:00,316.52000000000004
2023-04-06 03:00:00,315.92
2023-04-06 04:00:00,315.06
2023-04-06 05:00:00,315.08000000000004
2023-04-06 06:00:00,314.04
2023-04-06 07:00:00,314.08000000000004
2023-04-06 23:00:00,314.22
2023-04-07 01:00:00,318.34000000000003
2023-04-07 02:00:00,319.18
2023-04-07 03:00:00,319.06
2023-04-07 04:00:00,319.40000000000003
2023-04-07 05:00:00,319.46000000000004
2023-04-07 06:00:00,319.44
2023-04-07 07:00:00,319.24
2023-04-07 23:00:00,319.18
2023-04-10 01:00:00,322.98
2023-04-10 02:00:00,323.16
2023-04-10 03:00:00,322.98
2023-04-10 04:00:00,323.3
2023-04-10 05:00:00,323.40000000000003
2023-04-10 06:00:00,322.34000000000003
2023-04-10 07:00:00,322.32
2023-04-10 23:00:00,322.32
2023-04-11 01:00:00,324.06
2023-04-11 02:00:00,325.72
2023-04-11 03:00:00,327.04
2023-04-11 04:00:00,326.5
2023-04-11 05:00:00,326.76
2023-04-11 06:00:00,326.86
2023-04-11 07:00:00,326.7
2023-04-11 23:00:00,326.62
2023-04-12 01:00:00,328.32
2023-04-12 02:00:00,326.74
2023-04-12 03:00:00,327.52000000000004
2023-04-12 04:00:00,328.14
2023-04-12 05:00:00,327.86
2023-04-12 06:00:00,327.74
2023-04-12 07:00:00,327.76
2023-04-12 23:00:00,327.76
2023-04-13 01:00:00,327.44
2023-04-13 02:00:00,328.1
2023-04-13 03:00:00,328.3
2023-04-13 04:00:00,327.96000000000004
2023-04-13 05:00:00,327.66
2023-04-13 06:00:00,327.08000000000004
2023-04-13 07:00:00,327.02000000000004
2023-04-13 23:00:00,328.95
2023-04-14 01:00:00,328.95
2023-04-14 02:00:00,328.95
2023-04-14 03:00:00,328.95
2023-04-14 04:00:00,328.95
2023-04-14 05:00:00,328.95
2023-04-14 06:00:00,328.95
2023-04-14 07:00:00,328.95
2023-04-14 23:00:00,328.95
2023-04-17 01:00:00,328.95
2023-04-17 02:00:00,328.95
2023-04-17 03:00:00,328.95
2023-04-17 04:00:00,328.95
2023-04-17 05:00:00,328.95
2023-04-17 06:00:00,328.95
2023-04-17 07:00:00,328.95
2023-04-17 23:00:00,328.95
2023-04-18 01:00:00,328.95
2023-04-18 02:00:00,328.95
2023-04-18 03:00:00,328.95
2023-04-18 04:00:00,328.95
2023-04-18 05:00:00,328.95
2023-04-18 06:00:00,328.95
2023-04-18 07:00:00,328.95
2023-04-18 23:00:00,328.95
2023-04-19 01:00:00,328.95
2023-04-19 02:00:00,328.95
2023-04-19 03:00:00,328.95
2023-04-19 04:00:00,328.95
2023-04-19 05:00:00,328.95
2023-04-19 05:00:01,329.50000000000006
2023-04-19 05:00:02,329.50000000000006
2023-04-19 06:00:00,329.8400000000001
2023-04-19 07:00:00,329.46000000000004
2023-04-19 23:00:00,329.44000000000005
2023-04-20 01:00:00,328.94000000000005
2023-04-20 02:00:00,328.14000000000004
2023-04-20 03:00:00,328.50000000000006
2023-04-20 04:00:00,328.74000000000007
2023-04-20 05:00:00,328.82000000000005
2023-04-20 06:00:00,327.5400000000001
2023-04-20 07:00:00,328.32000000000005
2023-04-20 23:00:00,328.4800000000001
2023-04-21 01:00:00,326.3400000000001
2023-04-21 02:00:00,327.00000000000006
2023-04-21 03:00:00,326.20000000000005
2023-04-21 04:00:00,326.44000000000005
2023-04-21 05:00:00,326.38000000000005
2023-04-21 06:00:00,326.6000000000001
2023-04-21 07:00:00,326.62000000000006
2023-04-21 23:00:00,326.32000000000005
2023-04-24 01:00:00,325.4800000000001
2023-04-24 02:00:00,324.86000000000007
2023-04-24 03:00:00,324.62000000000006
2023-04-24 04:00:00,324.44000000000005
2023-04-24 05:00:00,324.38000000000005
2023-04-24 06:00:00,324.12000000000006
2023-04-24 07:00:00,324.24000000000007
2023-04-24 23:00:00,324.3400000000001
2023-04-25 01:00:00,324.90000000000003
2023-04-25 02:00:00,322.18000000000006
2023-04-25 03:00:00,319.58000000000004
2023-04-25 04:00:00,318.40000000000003
2023-04-25 05:00:00,318.6000000000001
2023-04-25 06:00:00,320.1000000000001
2023-04-25 07:00:00,320.2800000000001
2023-04-25 23:00:00,320.30000000000007
2023-04-26 01:00:00,320.6000000000001
2023-04-26 02:00:00,320.68000000000006
2023-04-26 03:00:00,320.00000000000006
2023-04-26 04:00:00,319.46000000000004
2023-04-26 05:00:00,319.46000000000004
2023-04-26 06:00:00,319.7800000000001
2023-04-26 07:00:00,319.4800000000001
2023-04-26 23:00:00,319.70000000000005
2023-04-27 01:00:00,317.90000000000003
2023-04-27 02:00:00,318.2200000000001
2023-04-27 03:00:00,319.38000000000005
2023-04-27 04:00:00,319.08000000000004
2023-04-27 05:00:00,318.86000000000007
2023-04-27 06:00:00,320.18000000000006
2023-04-27 07:00:00,320.18000000000006
2023-04-27 23:00:00,320.40000000000003
2023-04-28 01:00:00,322.80000000000007
2023-04-28 02:00:00,323.2800000000001
2023-04-28 03:00:00,321.50000000000006
2023-04-28 04:00:00,320.7800000000001
2023-04-28 05:00:00,320.94000000000005
2023-04-28 06:00:00,321.00000000000006
2023-04-28 07:00:00,321.18000000000006
2023-04-28 23:00:00,320.94000000000005
2023-05-02 01:00:00,323.02000000000004
2023-05-02 02:00:00,323.44000000000005
2023-05-02 03:00:00,323.4800000000001
2023-05-02 04:00:00,323.36000000000007
2023-05-02 05:00:00,323.1600000000001
2023-05-02 06:00:00,323.76000000000005
2023-05-02 07:00:00,324.46000000000004
2023-05-02 23:00:00,324.4800000000001
2023-05-03 01:00:00,321.86000000000007
2023-05-03 02:00:00,321.44000000000005
2023-05-03 03:00:00,321.5400000000001
2023-05-03 04:00:00,321.64000000000004
2023-05-03 05:00:00,321.62000000000006
2023-05-03 06:00:00,321.50000000000006
2023-05-03 07:00:00,321.4200000000001
2023-05-03 23:00:00,321.40000000000003
2023-05-04 01:00:00,320.1000000000001
2023-05-04 02:00:00,319.94000000000005
2023-05-04 03:00:00,320.40000000000003
2023-05-04 04:00:00,320.38000000000005
2023-05-04 05:00:00,320.36000000000007
2023-05-04 06:00:00,321.00000000000006
2023-05-04 07:00:00,320.50000000000006
2023-05-04 23:00:00,320.40000000000003
2023-05-04 23:00:01,320.40000000000003
2023-05-08 01:00:00,324.42
2023-05-08 02:00:00,325.16
2023-05-08 03:00:00,325.32000000000005
2023-05-08 04:00:00,325.0
2023-05-08 05:00:00,324.78000000000003
2023-05-08 06:00:00,324.34000000000003
2023-05-08 07:00:00,324.5
2023-05-08 23:00:00,324.6
2023-05-09 01:00:00,322.52000000000004
2023-05-09 02:00:00,323.06
2023-05-09 03:00:00,322.98
2023-05-09 04:00:00,322.94
2023-05-09 05:00:00,323.62
2023-05-09 06:00:00,323.36
2023-05-09 07:00:00,323.18
2023-05-09 23:00:00,323.20000000000005
2023-05-10 01:00:00,322.70000000000005
2023-05-10 02:00:00,322.46000000000004
2023-05-10 03:00:00,322.62
2023-05-10 04:00:00,322.46000000000004
2023-05-10 05:00:00,322.28000000000003
2023-05-10 06:00:00,320.44
2023-05-10 07:00:00,321.08000000000004
2023-05-10 23:00:00,321.1
2023-05-11 01:00:00,323.46000000000004
2023-05-11 02:00:00,322.76000000000005
2023-05-11 03:00:00,322.36
2023-05-11 04:00:00,322.40000000000003
2023-05-11 05:00:00,322.44
2023-05-11 06:00:00,321.12
2023-05-11 07:00:00,320.16
2023-05-11 23:00:00,320.0
2023-05-12 01:00:00,319.74
2023-05-12 02:00:00,318.92
2023-05-12 03:00:00,318.88
2023-05-12 04:00:00,319.38
2023-05-12 05:00:00,319.38
2023-05-12 06:00:00,318.70000000000005
2023-05-12 07:00:00,318.68
2023-05-12 23:00:00,318.90000000000003
2023-05-15 01:00:00,317.20000000000005
2023-05-15 02:00:00,318.28000000000003
2023-05-15 03:00:00,317.6
2023-05-15 04:00:00,318.18
2023-05-15 05:00:00,318.44
2023-05-15 06:00:00,319.44
2023-05-15 07:00:00,319.64000000000004
2023-05-15 23:00:00,319.75
2023-05-16 01:00:00,322.08000000000004
2023-05-16 02:00:00,321.36
2023-05-16 03:00:00,321.28000000000003
2023-05-16 04:00:00,321.14000000000004
2023-05-16 05:00:00,321.04
2023-05-16 06:00:00,320.02000000000004
2023-05-16 07:00:00,320.36
2023-05-16 23:00:00,320.15000000000003
2023-05-17 01:00:00,321.34000000000003
2023-05-17 02:00:00,322.0
2023-05-17 03:00:00,322.1
2023-05-17 04:00:00,321.90000000000003
2023-05-17 05:00:00,322.06
2023-05-17 06:00:00,321.6
2023-05-17 07:00:00,321.38
2023-05-17 23:00:00,321.1
2023-05-18 01:00:00,322.72
2023-05-18 02:00:00,323.3
2023-05-18 03:00:00,323.86
2023-05-18 04:00:00,323.68
2023-05-18 05:00:00,323.68
2023-05-18 06:00:00,324.32000000000005
2023-05-18 07:00:00,324.40000000000003
2023-05-18 23:00:00,324.40000000000003
2023-05-19 01:00:00,328.54
2023-05-19 02:00:00,327.76000000000005
2023-05-19 03:00:00,328.8
2023-05-19 04:00:00,328.82000000000005
2023-05-19 05:00:00,328.94
2023-05-19 05:00:01,328.94
2023-05-19 06:00:00,329.1
2023-05-19 07:00:00,329.04
2023-05-19 23:00:00,329.12
2023-05-22 01:00:00,331.82
2023-05-22 02:00:00,331.52
2023-05-22 03:00:00,332.22
2023-05-22 04:00:00,332.06
2023-05-22 05:00:00,331.62
2023-05-22 06:00:00,331.2
2023-05-22 07:00:00,331.52
2023-05-22 23:00:00,331.52
2023-05-23 01:00:00,332.02
2023-05-23 02:00:00,332.42
2023-05-23 03:00:00,333.4
2023-05-23 04:00:00,332.48
2023-05-23 05:00:00,332.58
2023-05-23 06:00:00,332.16
2023-05-23 07:00:00,332.62
2023-05-23 23:00:00,332.6
2023-05-24 01:00:00,331.16
2023-05-24 02:00:00,331.04
2023-05-24 03:00:00,330.64
2023-05-24 04:00:00,330.9
2023-05-24 05:00:00,330.96
2023-05-24 06:00:00,331.52
2023-05-24 07:00:00,331.12
2023-05-24 23:00:00,331.38
2023-05-25 01:00:00,332.12
2023-05-25 02:00:00,330.72
2023-05-25 03:00:00,330.42
2023-05-25 04:00:00,330.12
2023-05-25 05:00:00,330.1
2023-05-25 06:00:00,331.2
2023-05-25 07:00:00,330.58
2023-05-25 23:00:00,330.58
2023-05-26 01:00:00,332.12
2023-05-26 02:00:00,331.74
2023-05-26 03:00:00,332.08
2023-05-26 04:00:00,332.3
2023-05-26 05:00:00,332.02
2023-05-26 06:00:00,331.78000000000003
2023-05-26 07:00:00,331.96
2023-05-26 23:00:00,331.96
2023-05-30 01:00:00,335.82
2023-05-30 02:00:00,336.24
2023-05-30 03:00:00,335.94
2023-05-30 04:00:00,335.32
2023-05-30 05:00:00,335.96
2023-05-30 06:00:00,336.14
2023-05-30 07:00:00,336.5
2023-05-30 23:00:00,336.54
2023-05-31 01:00:00,336.88
2023-05-31 02:00:00,335.86
2023-05-31 03:00:00,335.4
2023-05-31 04:00:00,334.6
2023-05-31 05:00:00,334.64
2023-05-31 06:00:00,334.48
2023-05-31 07:00:00,333.82
2023-05-31 23:00:00,333.54
2023-06-01 01:00:00,332.76
2023-06-01 02:00:00,332.82
2023-06-01 03:00:00,332.32
2023-06-01 04:00:00,332.92
2023-06-01 05:00:00,332.92
2023-06-01 06:00:00,333.06
2023-06-01 07:00:00,332.68
2023-06-01 23:00:00,332.82
2023-06-02 01:00:00,335.34000000000003
2023-06-02 02:00:00,336.02
2023-06-02 03:00:00,335.56
2023-06-02 04:00:00,336.24
2023-06-02 05:00:00,336.32
2023-06-02 06:00:00,336.86
2023-06-02 07:00:00,337.3
2023-06-02 23:00:00,337.34000000000003
2023-06-05 01:00:00,338.5
2023-06-05 02:00:00,338.04
2023-06-05 03:00:00,338.64
2023-06-05 04:00:00,338.9
2023-06-05 05:00:00,338.46
2023-06-05 06:00:00,338.36
2023-06-05 07:00:00,338.36
2023-06-05 23:00:00,338.4
2023-06-07 01:00:00,339.5
2023-06-07 02:00:00,339.2
2023-06-07 03:00:00,339.54
2023-06-07 04:00:00,339.18
2023-06-07 05:00:00,339.22
2023-06-07 06:00:00,338.0
2023-06-07 07:00:00,337.8
2023-06-07 23:00:00,337.44
2023-06-08 01:00:00,336.46
2023-06-08 02:00:00,337.0
2023-06-08 03:00:00,336.4
2023-06-08 04:00:00,336.26
2023-06-08 05:00:00,336.2
2023-06-08 06:00:00,336.96
2023-06-08 07:00:00,337.18
2023-06-08 23:00:00,337.2
2023-06-09 01:00:00,338.42
2023-06-09 02:00:00,340.28000000000003
2023-06-09 03:00:00,341.24
2023-06-09 04:00:00,340.92
2023-06-09 05:00:00,341.2
2023-06-09 06:00:00,341.9
2023-06-09 07:00:00,341.96
2023-06-09 23:00:00,342.24
2023-06-12 01:00:00,340.94
2023-06-12 02:00:00,340.02
2023-06-12 03:00:00,339.7
2023-06-12 04:00:00,339.18
2023-06-12 05:00:00,338.72
2023-06-12 06:00:00,338.48
2023-06-12 07:00:00,339.34000000000003
2023-06-12 23:00:00,339.52
2023-06-13 01:00:00,341.0
2023-06-13 02:00:00,340.64
2023-06-13 03:00:00,340.64
2023-06-13 04:00:00,341.88
2023-06-13 05:00:00,341.96
2023-06-13 06:00:00,340.94
2023-06-13 07:00:00,341.46
2023-06-13 23:00:00,341.3
2023-06-14 01:00:00,340.0
2023-06-14 02:00:00,340.34000000000003
2023-06-14 03:00:00,339.72
2023-06-14 04:00:00,339.4
2023-06-14 05:00:00,339.46
2023-06-14 06:00:00,339.06
2023-06-14 07:00:00,339.16
2023-06-14 23:00:00,339.26
2023-06-15 01:00:00,339.8
2023-06-15 02:00:00,338.5
2023-06-15 03:00:00,338.32
2023-06-15 04:00:00,338.82
2023-06-15 05:00:00,338.56
2023-06-15 06:00:00,338.42
2023-06-15 07:00:00,338.02
2023-06-15 23:00:00,338.02
2023-06-16 01:00:00,339.16
2023-06-16 02:00:00,338.16
2023-06-16 03:00:00,337.96
2023-06-16 04:00:00,338.88
2023-06-16 05:00:00,338.86
2023-06-16 06:00:00,339.4
2023-06-16 07:00:00,340.1
2023-06-16 23:00:00,340.08
2023-06-19 01:00:00,337.38
2023-06-19 02:00:00,337.26
2023-06-19 03:00:00,337.66
2023-06-19 04:00:00,337.16
2023-06-19 05:00:00,337.06
2023-06-19 06:00:00,337.36
2023-06-19 07:00:00,337.7
2023-06-19 23:00:00,337.88
2023-06-20 01:00:00,336.46
2023-06-20 02:00:00,336.3
2023-06-20 03:00:00,336.56
2023-06-20 04:00:00,337.2
2023-06-20 05:00:00,337.4
2023-06-20 06:00:00,336.86
2023-06-20 07:00:00,337.0
2023-06-20 23:00:00,337.0
2023-06-21 01:00:00,335.74
2023-06-21 02:00:00,335.36
2023-06-21 03:00:00,335.22
2023-06-21 04:00:00,334.78000000000003
2023-06-21 05:00:00,334.78000000000003
2023-06-21 06:00:00,334.1
2023-06-21 07:00:00,333.98
2023-06-21 23:00:00,334.06
2023-06-22 01:00:00,335.1
2023-06-22 02:00:00,335.28000000000003
2023-06-22 03:00:00,335.38
2023-06-22 04:00:00,335.74
2023-06-22 05:00:00,335.82
2023-06-22 06:00:00,334.98
2023-06-22 07:00:00,335.14
2023-06-22 23:00:00,335.14
2023-06-23 01:00:00,334.14
2023-06-23 02:00:00,332.78000000000003
2023-06-23 03:00:00,333.06
2023-06-23 04:00:00,333.18
2023-06-23 05:00:00,333.22
2023-06-23 06:00:00,333.0
2023-06-23 07:00:00,333.06
2023-06-23 23:00:00,333.16
2023-06-26 01:00:00,333.84000000000003
2023-06-26 02:00:00,334.38
2023-06-26 03:00:00,334.54
2023-06-26 04:00:00,334.76
2023-06-26 05:00:00,334.56
2023-06-26 06:00:00,334.58
2023-06-26 07:00:00,334.38
2023-06-26 23:00:00,334.26
2023-06-27 01:00:00,333.06
2023-06-27 02:00:00,334.46
2023-06-27 03:00:00,333.44
2023-06-27 04:00:00,333.4
2023-06-27 05:00:00,333.38
2023-06-27 06:00:00,334.1
2023-06-27 07:00:00,334.28000000000003
2023-06-27 23:00:00,334.48
2023-06-28 01:00:00,333.36
2023-06-28 02:00:00,332.58
2023-06-28 03:00:00,332.84000000000003
2023-06-28 04:00:00,332.3
2023-06-28 05:00:00,332.22
2023-06-28 06:00:00,332.66
2023-06-28 07:00:00,332.46
2023-06-28 23:00:00,332.38
2023-06-29 01:00:00,334.82
2023-06-29 02:00:00,334.66
2023-06-29 03:00:00,332.76
2023-06-29 04:00:00,332.86
2023-06-29 05:00:00,332.9
2023-06-29 06:00:00,332.8
2023-06-29 07:00:00,332.2
2023-06-29 23:00:00,332.14
2023-06-30 01:00:00,331.92
2023-06-30 02:00:00,332.64
2023-06-30 03:00:00,332.0
2023-06-30 04:00:00,333.0
2023-06-30 05:00:00,333.16
2023-06-30 06:00:00,333.48
2023-06-30 07:00:00,333.16
2023-06-30 23:00:00,333.36
2023-07-03 01:00:00,337.36
2023-07-03 02:00:00,338.2
2023-07-03 03:00:00,338.28000000000003
2023-07-03 04:00:00,338.24
2023-07-03 05:00:00,338.18
2023-07-03 06:00:00,337.62
2023-07-03 07:00:00,338.4
2023-07-03 23:00:00,338.52
2023-07-04 01:00:00,337.72
2023-07-04 02:00:00,337.16
2023-07-04 03:00:00,337.2
2023-07-04 04:00:00,337.34000000000003
2023-07-04 05:00:00,336.96
2023-07-04 06:00:00,337.1
2023-07-04 07:00:00,336.7
2023-07-04 23:00:00,336.7
2023-07-05 01:00:00,335.26
2023-07-05 02:00:00,334.62
2023-07-05 03:00:00,334.74
2023-07-05 04:00:00,335.14
2023-07-05 05:00:00,334.64
2023-07-05 06:00:00,334.24
2023-07-05 07:00:00,333.58
2023-07-05 23:00:00,333.52
2023-07-06 01:00:00,332.52
2023-07-06 02:00:00,333.52
2023-07-06 03:00:00,332.94
2023-07-06 04:00:00,331.62
2023-07-06 05:00:00,331.84000000000003
2023-07-06 06:00:00,331.14
2023-07-06 07:00:00,331.04
2023-07-06 23:00:00,330.98
2023-07-07 01:00:00,327.02
2023-07-07 02:00:00,325.74
2023-07-07 03:00:00,325.6
2023-07-07 04:00:00,326.28000000000003
2023-07-07 05:00:00,325.96
2023-07-07 06:00:00,326.52
2023-07-07 07:00:00,325.82
2023-07-07 23:00:00,325.82
2023-07-10 01:00:00,327.12
2023-07-10 02:00:00,327.32
2023-07-10 03:00:00,327.32
2023-07-10 04:00:00,326.1
2023-07-10 05:00:00,325.76
2023-07-10 06:00:00,325.68
2023-07-10 07:00:00,325.6
2023-07-10 07:00:01,325.6
2023-07-10 23:00:00,325.88
2023-07-11 01:00:00,329.76
2023-07-11 02:00:00,329.76
2023-07-11 03:00:00,330.58
2023-07-11 04:00:00,330.66
2023-07-11 05:00:00,330.6
2023-07-11 06:00:00,330.78
2023-07-11 07:00:00,331.68
2023-07-11 23:00:00,331.68
2023-07-12 01:00:00,331.34
2023-07-12 02:00:00,331.56
2023-07-12 03:00:00,333.08
2023-07-12 04:00:00,332.6
2023-07-12 05:00:00,332.42
2023-07-12 06:00:00,333.34
2023-07-12 07:00:00,333.88
2023-07-12 23:00:00,333.62
2023-07-13 01:00:00,337.12
2023-07-13 02:00:00,337.66
2023-07-13 03:00:00,337.46
2023-07-13 04:00:00,337.46
2023-07-13 05:00:00,337.5
2023-07-13 06:00:00,336.68
2023-07-13 07:00:00,336.58
2023-07-13 23:00:00,336.66
2023-07-14 01:00:00,339.66
2023-07-14 02:00:00,341.44
2023-07-14 03:00:00,341.24
2023-07-14 04:00:00,341.34
2023-07-14 05:00:00,341.24
2023-07-14 06:00:00,341.4
2023-07-14 07:00:00,341.46
2023-07-14 23:00:00,341.26
2023-07-17 01:00:00,340.9
2023-07-17 02:00:00,341.32
2023-07-17 03:00:00,340.68
2023-07-17 04:00:00,340.16
2023-07-17 05:00:00,340.52
2023-07-17 06:00:00,340.21999999999997
2023-07-17 07:00:00,340.7
2023-07-17 23:00:00,340.82
2023-07-18 01:00:00,339.46
2023-07-18 02:00:00,338.38
2023-07-18 03:00:00,338.2
2023-07-18 04:00:00,338.02
2023-07-18 05:00:00,338.0
2023-07-18 06:00:00,338.3
2023-07-18 07:00:00,338.4
2023-07-18 23:00:00,338.54
2023-07-19 01:00:00,339.08
2023-07-19 02:00:00,338.21999999999997
2023-07-19 03:00:00,337.02
2023-07-19 04:00:00,336.9
2023-07-19 05:00:00,336.82
2023-07-19 06:00:00,337.56
2023-07-19 07:00:00,337.82
2023-07-19 23:00:00,337.42
2023-07-20 01:00:00,336.98
2023-07-20 02:00:00,337.5
2023-07-20 03:00:00,336.8
2023-07-20 04:00:00,337.08
2023-07-20 05:00:00,337.36
2023-07-20 06:00:00,337.12
2023-07-20 07:00:00,336.52
2023-07-20 23:00:00,336.24
2023-07-21 01:00:00,333.5
2023-07-21 02:00:00,334.76
2023-07-21 03:00:00,335.32
2023-07-21 04:00:00,335.44
2023-07-21 05:00:00,335.4
2023-07-21 06:00:00,336.6
2023-07-21 07:00:00,336.9
2023-07-21 23:00:00,337.06
2023-07-24 01:00:00,337.44
2023-07-24 02:00:00,338.48
2023-07-24 03:00:00,339.3
2023-07-24 04:00:00,338.96
2023-07-24 05:00:00,338.9
2023-07-24 06:00:00,339.32
2023-07-24 07:00:00,339.06
2023-07-24 23:00:00,338.94
2023-07-25 01:00:00,338.42
2023-07-25 02:00:00,339.06
2023-07-25 03:00:00,339.02
2023-07-25 04:00:00,339.16
2023-07-25 05:00:00,338.98
2023-07-25 06:00:00,338.92
2023-07-25 07:00:00,339.34
2023-07-25 23:00:00,339.34
2023-07-26 01:00:00,336.26
2023-07-26 02:00:00,336.42
2023-07-26 03:00:00,337.71999999999997
2023-07-26 04:00:00,337.24
2023-07-26 05:00:00,337.24
2023-07-26 06:00:00,335.0
2023-07-26 07:00:00,335.26
2023-07-26 23:00:00,335.34
2023-07-27 01:00:00,337.3
2023-07-27 02:00:00,338.64
2023-07-27 03:00:00,338.58
2023-07-27 04:00:00,339.02
2023-07-27 05:00:00,338.92
2023-07-27 06:00:00,338.48
2023-07-27 07:00:00,339.06
2023-07-27 23:00:00,339.18
2023-07-28 01:00:00,336.14
2023-07-28 02:00:00,336.66
2023-07-28 03:00:00,337.32
2023-07-28 04:00:00,336.78
2023-07-28 05:00:00,336.14
2023-07-28 06:00:00,336.14
2023-07-28 07:00:00,336.14
2023-07-28 23:00:00,336.14
2023-07-31 01:00:00,336.14
2023-07-31 02:00:00,336.14
2023-07-31 03:00:00,336.14
2023-07-31 04:00:00,336.14
2023-07-31 05:00:00,336.14
2023-07-31 06:00:00,336.14
2023-07-31 07:00:00,336.14
2023-07-31 23:00:00,336.14
2023-08-01 01:00:00,336.14
2023-08-01 02:00:00,336.14
2023-08-01 03:00:00,336.14
2023-08-01 04:00:00,336.14
2023-08-01 05:00:00,336.14
2023-08-01 06:00:00,336.14
2023-08-01 07:00:00,336.14
2023-08-01 23:00:00,336.14
2023-08-02 01:00:00,336.14
2023-08-02 02:00:00,336.14
2023-08-02 03:00:00,336.14
2023-08-02 04:00:00,336.14
2023-08-02 05:00:00,336.14
2023-08-02 06:00:00,336.14
2023-08-02 07:00:00,336.14
2023-08-02 23:00:00,336.14
2023-08-03 01:00:00,336.14
2023-08-03 02:00:00,336.14
2023-08-03 03:00:00,336.14
2023-08-03 04:00:00,336.14
2023-08-03 05:00:00,336.14
2023-08-03 06:00:00,336.14
2023-08-03 07:00:00,336.14
2023-08-03 23:00:00,336.14
2023-08-04 01:00:00,336.14
2023-08-04 02:00:00,336.14
2023-08-04 03:00:00,336.14
2023-08-04 04:00:00,336.14
2023-08-04 05:00:00,336.14
2023-08-04 06:00:00,336.14
2023-08-04 07:00:00,336.14
2023-08-04 23:00:00,336.14
2023-08-07 01:00:00,336.14
2023-08-07 02:00:00,336.14
2023-08-07 03:00:00,336.14
2023-08-07 04:00:00,336.14
2023-08-07 05:00:00,336.14
2023-08-07 06:00:00,336.14
2023-08-07 07:00:00,336.14
2023-08-07 23:00:00,336.14
2023-08-08 01:00:00,336.14
2023-08-08 02:00:00,336.14
2023-08-08 03:00:00,336.14
2023-08-08 04:00:00,336.14
2023-08-08 05:00:00,336.14
2023-08-08 06:00:00,336.14
2023-08-08 07:00:00,336.14
2023-08-08 23:00:00,336.14
2023-08-09 01:00:00,336.14
2023-08-09 02:00:00,336.14
2023-08-09 03:00:00,336.14
2023-08-09 04:00:00,336.14
2023-08-09 05:00:00,336.14
2023-08-09 06:00:00,336.14
2023-08-09 07:00:00,336.14
2023-08-09 23:00:00,336.14
2023-08-10 01:00:00,336.14
2023-08-10 02:00:00,336.14
2023-08-10 03:00:00,336.14
2023-08-10 04:00:00,336.14
2023-08-10 05:00:00,336.14
2023-08-10 06:00:00,336.14
2023-08-10 07:00:00,336.14
2023-08-10 23:00:00,336.14
2023-08-11 01:00:00,336.14
2023-08-11 02:00:00,336.14
2023-08-11 03:00:00,336.14
2023-08-11 04:00:00,336.14
2023-08-11 05:00:00,336.14
2023-08-11 06:00:00,336.14
2023-08-11 07:00:00,336.14
2023-08-11 23:00:00,336.14
2023-08-11 23:00:01,333.33
2023-08-11 23:00:02,333.33
2023-08-14 01:00:00,330.62
2023-08-14 02:00:00,330.36
2023-08-14 03:00:00,329.2
2023-08-14 04:00:00,329.38
2023-08-14 05:00:00,328.74
2023-08-14 06:00:00,329.7
2023-08-14 07:00:00,330.08
2023-08-14 23:00:00,330.13
2023-08-16 01:00:00,325.26
2023-08-16 02:00:00,326.06
2023-08-16 03:00:00,325.2
2023-08-16 04:00:00,325.26
2023-08-16 05:00:00,325.04
2023-08-16 06:00:00,324.52
2023-08-16 07:00:00,325.0
2023-08-16 23:00:00,325.23
2023-08-17 01:00:00,320.32
2023-08-17 02:00:00,321.65999999999997
2023-08-17 03:00:00,322.5
2023-08-17 04:00:00,322.7
2023-08-17 05:00:00,323.32
2023-08-17 06:00:00,322.86
2023-08-17 07:00:00,323.62
2023-08-17 23:00:00,323.88
2023-08-18 01:00:00,321.92
2023-08-18 02:00:00,322.76
2023-08-18 03:00:00,321.92
2023-08-18 04:00:00,321.52
2023-08-18 05:00:00,321.4
2023-08-18 06:00:00,321.6
2023-08-18 07:00:00,321.44
2023-08-18 23:00:00,321.38
2023-08-21 01:00:00,323.88
2023-08-21 02:00:00,322.32
2023-08-21 03:00:00,323.36
2023-08-21 04:00:00,322.78
2023-08-21 05:00:00,322.8
2023-08-21 06:00:00,321.65999999999997
2023-08-21 07:00:00,322.0
2023-08-21 23:00:00,321.83
2023-08-22 01:00:00,324.42
2023-08-22 02:00:00,323.62
2023-08-22 03:00:00,323.46
2023-08-22 04:00:00,323.9
2023-08-22 05:00:00,323.54
2023-08-22 06:00:00,322.18
2023-08-22 07:00:00,322.88
2023-08-22 23:00:00,322.88
2023-08-23 01:00:00,322.24
2023-08-23 02:00:00,321.94
2023-08-23 03:00:00,321.42
2023-08-23 04:00:00,321.44
2023-08-23 05:00:00,321.44
2023-08-23 06:00:00,322.42
2023-08-23 07:00:00,322.32
2023-08-23 23:00:00,322.53
2023-08-24 01:00:00,326.18
2023-08-24 02:00:00,325.98
2023-08-24 03:00:00,326.64
2023-08-24 04:00:00,326.1
2023-08-24 05:00:00,326.02
2023-08-24 06:00:00,326.65999999999997
2023-08-24 07:00:00,326.44
2023-08-24 23:00:00,326.78
2023-08-25 01:00:00,323.34
2023-08-25 02:00:00,324.3
2023-08-25 03:00:00,323.21999999999997
2023-08-25 04:00:00,323.12
2023-08-25 05:00:00,323.34
2023-08-25 06:00:00,323.36
2023-08-25 07:00:00,323.15999999999997
2023-08-25 23:00:00,323.08
2023-08-28 01:00:00,325.04
2023-08-28 02:00:00,325.21999999999997
2023-08-28 03:00:00,325.26
2023-08-28 04:00:00,324.7
2023-08-28 05:00:00,324.48
2023-08-28 06:00:00,324.92
2023-08-28 07:00:00,325.5
2023-08-28 23:00:00,325.52
2023-08-29 01:00:00,326.06
2023-08-29 02:00:00,326.44
2023-08-29 03:00:00,326.82
2023-08-29 04:00:00,326.84
2023-08-29 05:00:00,326.82
2023-08-29 06:00:00,326.92
2023-08-29 07:00:00,326.65999999999997
2023-08-29 23:00:00,326.32
2023-08-30 01:00:00,329.62
2023-08-30 02:00:00,330.0
2023-08-30 03:00:00,329.46
2023-08-30 04:00:00,329.4
2023-08-30 05:00:00,329.28
2023-08-30 06:00:00,328.5
2023-08-30 07:00:00,327.68
2023-08-30 23:00:00,327.64
2023-08-31 01:00:00,327.88
2023-08-31 02:00:00,326.84
2023-08-31 03:00:00,327.08
2023-08-31 04:00:00,326.7
2023-08-31 05:00:00,326.76
2023-08-31 06:00:00,327.28
2023-08-31 07:00:00,327.98
2023-08-31 23:00:00,327.82
2023-09-01 01:00:00,329.86
2023-09-01 02:00:00,329.56
2023-09-01 03:00:00,329.34
2023-09-01 04:00:00,330.52
2023-09-01 05:00:00,330.54
2023-09-01 06:00:00,331.65999999999997
2023-09-01 07:00:00,331.08
2023-09-01 23:00:00,330.74
2023-09-04 01:00:00,331.92
2023-09-04 02:00:00,331.18
2023-09-04 03:00:00,332.24
2023-09-04 04:00:00,332.38
2023-09-04 05:00:00,332.2
2023-09-04 06:00:00,333.32
2023-09-04 07:00:00,333.54
2023-09-04 23:00:00,333.64
2023-09-05 01:00:00,332.58
2023-09-05 02:00:00,332.68
2023-09-05 03:00:00,332.86
2023-09-05 04:00:00,333.08
2023-09-05 05:00:00,333.24
2023-09-05 06:00:00,332.94
2023-09-05 07:00:00,333.26
2023-09-05 23:00:00,333.38
2023-09-06 01:00:00,332.62
2023-09-06 02:00:00,331.14
2023-09-06 03:00:00,331.26
2023-09-06 04:00:00,330.62
2023-09-06 05:00:00,330.52
2023-09-06 06:00:00,330.92
2023-09-06 07:00:00,330.92
2023-09-06 23:00:00,330.68
2023-09-07 01:00:00,329.24
2023-09-07 02:00:00,328.32
2023-09-07 03:00:00,328.56
2023-09-07 04:00:00,329.56
2023-09-07 05:00:00,329.65999999999997
2023-09-07 06:00:00,328.82
2023-09-07 07:00:00,329.15999999999997
2023-09-07 23:00:00,329.18
2023-09-08 01:00:00,328.24
2023-09-08 02:00:00,327.94
2023-09-08 03:00:00,327.9
2023-09-08 04:00:00,327.6
2023-09-08 05:00:00,327.38
2023-09-08 06:00:00,328.54
2023-09-08 07:00:00,329.48
2023-09-08 23:00:00,329.64
2023-09-11 01:00:00,328.92
2023-09-11 02:00:00,330.08
2023-09-11 03:00:00,329.74
2023-09-11 04:00:00,328.8
2023-09-11 05:00:00,330.04
2023-09-11 06:00:00,330.34
2023-09-11 07:00:00,330.54
2023-09-11 07:00:01,330.54
2023-09-11 23:00:00,330.6
2023-09-12 01:00:00,329.84
2023-09-12 02:00:00,328.88
2023-09-12 03:00:00,329.26
2023-09-12 04:00:00,329.38
2023-09-12 05:00:00,329.26
2023-09-12 06:00:00,328.96
2023-09-12 07:00:00,328.38
2023-09-12 23:00:00,328.62
2023-09-13 01:00:00,329.8
2023-09-13 02:00:00,328.5
2023-09-13 03:00:00,328.42
2023-09-13 04:00:00,328.12
2023-09-13 05:00:00,327.98
2023-09-13 06:00:00,329.1
2023-09-13 07:00:00,328.62
2023-09-13 23:00:00,328.92
2023-09-14 01:00:00,330.38
2023-09-14 02:00:00,331.5
2023-09-14 03:00:00,331.42
2023-09-14 04:00:00,331.92
2023-09-14 05:00:00,332.2
2023-09-14 06:00:00,332.78
2023-09-14 07:00:00,333.36
2023-09-14 23:00:00,333.7
2023-09-15 01:00:00,336.4
2023-09-15 02:00:00,337.5
2023-09-15 03:00:00,338.28
2023-09-15 04:00:00,338.62
2023-09-15 05:00:00,338.46
2023-09-15 06:00:00,338.44
2023-09-15 07:00:00,337.76
2023-09-15 23:00:00,337.96
2023-09-18 01:00:00,335.38
2023-09-18 02:00:00,334.84
2023-09-18 03:00:00,334.32
2023-09-18 04:00:00,334.26
2023-09-18 05:00:00,334.24
2023-09-18 06:00:00,334.06
2023-09-18 07:00:00,334.12
2023-09-18 23:00:00,333.98
2023-09-19 01:00:00,333.02
2023-09-19 02:00:00,332.84
2023-09-19 03:00:00,332.08
2023-09-19 04:00:00,331.96
2023-09-19 05:00:00,331.82
2023-09-19 06:00:00,331.48
2023-09-19 07:00:00,331.7
2023-09-19 23:00:00,331.84
2023-09-20 01:00:00,331.76
2023-09-20 02:00:00,331.08
2023-09-20 03:00:00,331.14
2023-09-20 04:00:00,330.88
2023-09-20 05:00:00,331.0
2023-09-20 06:00:00,330.98
2023-09-20 07:00:00,331.76
2023-09-20 23:00:00,331.72
2023-09-21 01:00:00,327.84
2023-09-21 02:00:00,327.34
2023-09-21 03:00:00,326.42
2023-09-21 04:00:00,326.06
2023-09-21 05:00:00,325.96
2023-09-21 06:00:00,325.74
2023-09-21 07:00:00,325.84
2023-09-21 23:00:00,325.6
2023-09-22 01:00:00,322.8
2023-09-22 02:00:00,323.78
2023-09-22 03:00:00,324.1
2023-09-22 04:00:00,324.6
2023-09-22 05:00:00,324.64
2023-09-22 06:00:00,324.54
2023-09-22 07:00:00,324.44
2023-09-22 23:00:00,324.28
2023-09-25 01:00:00,324.7
2023-09-25 02:00:00,323.64
2023-09-25 03:00:00,323.74
2023-09-25 04:00:00,324.2
2023-09-25 05:00:00,324.22
2023-09-25 06:00:00,324.18
2023-09-25 07:00:00,324.48
2023-09-25 23:00:00,324.46
2023-09-26 01:00:00,320.6
2023-09-26 02:00:00,320.22
2023-09-26 03:00:00,319.98
2023-09-26 04:00:00,320.6
2023-09-26 05:00:00,320.32
2023-09-26 06:00:00,320.48
2023-09-26 07:00:00,320.1
2023-09-26 23:00:00,319.84
2023-09-27 01:00:00,318.44
2023-09-27 02:00:00,319.64
2023-09-27 03:00:00,318.68
2023-09-27 04:00:00,318.92
2023-09-27 05:00:00,318.94
2023-09-27 06:00:00,319.76
2023-09-27 07:00:00,320.1
2023-09-27 23:00:00,320.52
2023-10-04 01:00:00,312.34
2023-10-04 02:00:00,312.64
2023-10-04 03:00:00,312.54
2023-10-04 04:00:00,312.06
2023-10-04 05:00:00,311.92
2023-10-04 06:00:00,312.04
2023-10-04 07:00:00,312.12
2023-10-04 23:00:00,311.92
2023-10-05 01:00:00,312.4
2023-10-05 02:00:00,314.16
2023-10-05 03:00:00,313.86
2023-10-05 04:00:00,313.96
2023-10-05 05:00:00,313.88
2023-10-05 06:00:00,311.88
2023-10-05 07:00:00,312.0
2023-10-05 23:00:00,311.6
2023-10-06 01:00:00,312.82
2023-10-06 02:00:00,312.56
2023-10-06 03:00:00,312.72
2023-10-06 04:00:00,312.46
2023-10-06 05:00:00,312.54
2023-10-06 06:00:00,311.76
2023-10-06 07:00:00,312.2
2023-10-06 23:00:00,312.16
2023-10-10 01:00:00,316.86
2023-10-10 02:00:00,316.16
2023-10-10 03:00:00,315.54
2023-10-10 04:00:00,314.24
2023-10-10 05:00:00,314.06
2023-10-10 05:00:01,314.06
2023-10-10 06:00:00,312.94
2023-10-10 07:00:00,312.72
2023-10-10 23:00:00,312.86
2023-10-11 01:00:00,318.46000000000004
2023-10-11 02:00:00,319.02000000000004
2023-10-11 03:00:00,319.68
2023-10-11 04:00:00,320.40000000000003
2023-10-11 05:00:00,320.42
2023-10-11 06:00:00,318.76
2023-10-11 07:00:00,317.88
2023-10-11 23:00:00,318.3
2023-10-12 01:00:00,321.6
2023-10-12 02:00:00,321.04
2023-10-12 03:00:00,320.66
2023-10-12 04:00:00,321.14
2023-10-12 05:00:00,321.0
2023-10-12 06:00:00,320.6
2023-10-12 07:00:00,321.82
2023-10-12 23:00:00,321.86
2023-10-13 01:00:00,319.52000000000004
2023-10-13 02:00:00,319.42
2023-10-13 03:00:00,319.54
2023-10-13 04:00:00,319.2
2023-10-13 05:00:00,319.18
2023-10-13 06:00:00,318.94
2023-10-13 07:00:00,319.02000000000004
2023-10-13 23:00:00,319.36
2023-10-16 01:00:00,316.98
2023-10-16 02:00:00,316.0
2023-10-16 03:00:00,315.40000000000003
2023-10-16 04:00:00,314.72
2023-10-16 05:00:00,315.04
2023-10-16 06:00:00,315.84000000000003
2023-10-16 07:00:00,316.48
2023-10-16 23:00:00,316.36
2023-10-17 01:00:00,318.68
2023-10-17 02:00:00,319.24
2023-10-17 03:00:00,319.46000000000004
2023-10-17 04:00:00,320.46000000000004
2023-10-17 05:00:00,320.44
2023-10-17 06:00:00,320.74
2023-10-17 07:00:00,320.16
2023-10-17 23:00:00,320.14
2023-10-18 01:00:00,320.28000000000003
2023-10-18 02:00:00,320.52000000000004
2023-10-18 03:00:00,321.66
2023-10-18 04:00:00,321.68
2023-10-18 05:00:00,321.68
2023-10-18 06:00:00,321.6
2023-10-18 07:00:00,321.52000000000004
2023-10-18 23:00:00,321.5
2023-10-19 01:00:00,317.16
2023-10-19 02:00:00,316.56
2023-10-19 03:00:00,315.96000000000004
2023-10-19 04:00:00,315.86
2023-10-19 05:00:00,315.94
2023-10-19 06:00:00,315.56
2023-10-19 07:00:00,315.22
2023-10-19 23:00:00,315.18
2023-10-20 01:00:00,309.66
2023-10-20 02:00:00,310.1
2023-10-20 03:00:00,311.58000000000004
2023-10-20 04:00:00,311.8
2023-10-20 05:00:00,311.94
2023-10-20 06:00:00,310.82
2023-10-20 07:00:00,310.72
2023-10-20 23:00:00,310.58000000000004
2023-10-23 01:00:00,310.32
2023-10-23 02:00:00,309.78000000000003
2023-10-23 03:00:00,308.44
2023-10-23 04:00:00,308.62
2023-10-23 05:00:00,308.28000000000003
2023-10-23 06:00:00,308.24
2023-10-23 07:00:00,308.6
2023-10-23 23:00:00,308.40000000000003
2023-10-24 01:00:00,307.86
2023-10-24 02:00:00,305.38
2023-10-24 03:00:00,307.98
2023-10-24 04:00:00,307.58000000000004
2023-10-24 05:00:00,309.48
2023-10-24 06:00:00,310.56
2023-10-24 07:00:00,311.2
2023-10-24 23:00:00,311.16
2023-10-25 01:00:00,310.36
2023-10-25 02:00:00,310.90000000000003
2023-10-25 03:00:00,310.7
2023-10-25 04:00:00,309.90000000000003
2023-10-25 05:00:00,310.04
2023-10-25 06:00:00,309.78000000000003
2023-10-25 07:00:00,309.28000000000003
2023-10-25 23:00:00,309.42
2023-10-26 01:00:00,303.40000000000003
2023-10-26 02:00:00,303.1
2023-10-26 03:00:00,302.02000000000004
2023-10-26 04:00:00,301.8
2023-10-26 05:00:00,301.34000000000003
2023-10-26 06:00:00,301.5
2023-10-26 07:00:00,300.88
2023-10-26 23:00:00,300.68
2023-10-27 01:00:00,300.32
2023-10-27 02:00:00,301.86
2023-10-27 03:00:00,302.36
2023-10-27 04:00:00,300.76
2023-10-27 05:00:00,300.58000000000004
2023-10-27 06:00:00,300.98
2023-10-27 07:00:00,301.0
2023-10-27 23:00:00,300.74
2023-10-30 01:00:00,301.66
2023-10-30 02:00:00,301.98
2023-10-30 03:00:00,302.3
2023-10-30 04:00:00,301.22
2023-10-30 05:00:00,301.24
2023-10-30 06:00:00,301.76
2023-10-30 23:00:00,301.14
2023-10-31 01:00:00,301.08000000000004
2023-10-31 02:00:00,299.18
2023-10-31 03:00:00,298.8
2023-10-31 04:00:00,298.52000000000004
2023-10-31 05:00:00,298.2
2023-10-31 06:00:00,298.3
2023-10-31 23:00:00,300.36
2023-11-01 01:00:00,300.14
2023-11-01 02:00:00,301.72
2023-11-01 03:00:00,301.62
2023-11-01 04:00:00,302.16
2023-11-01 05:00:00,301.90000000000003
2023-11-01 06:00:00,302.2
2023-11-01 23:00:00,301.54
2023-11-02 01:00:00,308.96000000000004
2023-11-02 02:00:00,307.34000000000003
2023-11-02 03:00:00,307.8
2023-11-02 04:00:00,307.3
2023-11-02 05:00:00,307.36
2023-11-02 06:00:00,307.34000000000003
2023-11-02 23:00:00,307.90000000000003
2023-11-03 01:00:00,310.72
2023-11-03 02:00:00,310.88
2023-11-03 03:00:00,310.26
2023-11-03 04:00:00,310.62
2023-11-03 05:00:00,310.76
2023-11-03 05:00:01,310.76
2023-11-03 06:00:00,310.96
2023-11-03 23:00:00,309.85999999999996
2023-11-06 01:00:00,319.4
2023-11-06 02:00:00,320.47999999999996
2023-11-06 03:00:00,321.15999999999997
2023-11-06 04:00:00,321.9
2023-11-06 05:00:00,322.23999999999995
2023-11-06 06:00:00,326.15999999999997
2023-11-06 23:00:00,326.76
2023-11-07 01:00:00,319.84
2023-11-07 02:00:00,317.44
2023-11-07 03:00:00,317.46
2023-11-07 04:00:00,317.96
2023-11-07 05:00:00,317.65999999999997
2023-11-07 06:00:00,319.85999999999996
2023-11-07 23:00:00,319.85999999999996
2023-11-08 01:00:00,318.65999999999997
2023-11-08 02:00:00,318.73999999999995
2023-11-08 03:00:00,317.85999999999996
2023-11-08 04:00:00,318.35999999999996
2023-11-08 05:00:00,318.46
2023-11-08 06:00:00,316.44
2023-11-08 23:00:00,316.56
2023-11-09 01:00:00,317.56
2023-11-09 02:00:00,318.06
2023-11-09 03:00:00,317.88
2023-11-09 04:00:00,318.41999999999996
2023-11-09 05:00:00,318.32
2023-11-09 06:00:00,318.09999999999997
2023-11-09 23:00:00,318.15999999999997
2023-11-10 01:00:00,314.97999999999996
2023-11-10 02:00:00,314.53999999999996
2023-11-10 03:00:00,314.94
2023-11-10 04:00:00,315.9
2023-11-10 05:00:00,316.06
2023-11-10 06:00:00,316.09999999999997
2023-11-10 23:00:00,314.71999999999997
2023-11-13 01:00:00,316.65999999999997
2023-11-13 02:00:00,315.38
2023-11-13 03:00:00,315.65999999999997
2023-11-13 04:00:00,316.03999999999996
2023-11-13 05:00:00,316.26
2023-11-13 06:00:00,316.21999999999997
2023-11-13 23:00:00,317.28
2023-11-14 01:00:00,319.56
2023-11-14 02:00:00,319.73999999999995
2023-11-14 03:00:00,319.5
2023-11-14 04:00:00,319.65999999999997
2023-11-14 05:00:00,319.47999999999996
2023-11-14 06:00:00,319.06
2023-11-14 23:00:00,319.26
2023-11-15 01:00:00,326.18
2023-11-15 02:00:00,326.21999999999997
2023-11-15 03:00:00,326.09999999999997
2023-11-15 04:00:00,326.28
2023-11-15 05:00:00,326.18
2023-11-15 06:00:00,326.53999999999996
2023-11-15 23:00:00,325.0
2023-11-16 00:45:00,326.41999999999996
2023-11-16 01:00:00,325.2
2023-11-16 02:00:00,325.4
2023-11-16 03:00:00,325.4
2023-11-16 04:00:00,326.28
2023-11-16 05:00:00,326.34
2023-11-16 06:00:00,326.47999999999996
2023-11-16 07:00:00,326.12
2023-11-16 23:00:00,326.02
2023-11-16 23:45:00,325.46
2023-11-17 01:00:00,324.18
2023-11-17 02:00:00,324.78
2023-11-17 03:00:00,324.56
2023-11-17 04:00:00,324.82
2023-11-17 05:00:00,324.56
2023-11-17 06:00:00,324.47999999999996
2023-11-17 23:00:00,325.76
2023-11-19 23:45:00,323.21999999999997
2023-11-20 01:00:00,326.12
2023-11-20 02:00:00,326.64
2023-11-20 03:00:00,326.78
2023-11-20 04:00:00,327.52
2023-11-20 05:00:00,327.44
2023-11-20 06:00:00,327.0
2023-11-20 23:00:00,325.73999999999995
2023-11-20 23:45:00,328.9
2023-11-21 01:00:00,329.78
2023-11-21 02:00:00,329.79999999999995
2023-11-21 03:00:00,329.73999999999995
2023-11-21 04:00:00,329.62
2023-11-21 05:00:00,329.44
2023-11-21 06:00:00,328.68
2023-11-21 23:00:00,329.06
2023-11-21 23:45:00,325.9
2023-11-22 01:00:00,326.14
2023-11-22 02:00:00,327.64
2023-11-22 03:00:00,327.78
2023-11-22 04:00:00,328.94
2023-11-22 05:00:00,329.15999999999997
2023-11-22 06:00:00,329.18
2023-11-22 23:00:00,326.08
2023-11-22 23:45:00,329.23999999999995
2023-11-23 01:00:00,330.02
2023-11-23 02:00:00,328.85999999999996
2023-11-23 03:00:00,328.34
2023-11-23 04:00:00,328.4
2023-11-23 05:00:00,328.62
2023-11-23 06:00:00,329.03999999999996
2023-11-23 23:00:00,329.12
2023-11-23 23:45:00,329.32
2023-11-24 01:00:00,327.97999999999996
2023-11-24 02:00:00,327.82
2023-11-24 03:00:00,327.23999999999995
2023-11-24 04:00:00,326.91999999999996
2023-11-24 05:00:00,326.94
2023-11-24 06:00:00,326.21999999999997
2023-11-24 23:00:00,328.64
2023-11-26 23:45:00,326.28
2023-11-27 01:00:00,327.52
2023-11-27 02:00:00,325.88
2023-11-27 03:00:00,325.06
2023-11-27 04:00:00,325.15999999999997
2023-11-27 05:00:00,325.12
2023-11-27 06:00:00,325.64
2023-11-27 23:00:00,327.26
2023-11-27 23:45:00,327.12
2023-11-28 01:00:00,327.56
2023-11-28 02:00:00,328.53999999999996
2023-11-28 03:00:00,328.23999999999995
2023-11-28 04:00:00,328.91999999999996
2023-11-28 05:00:00,328.71999999999997
2023-11-28 06:00:00,329.68
2023-11-28 23:00:00,327.32
2023-11-28 23:45:00,328.9
2023-11-29 01:00:00,328.38
2023-11-29 02:00:00,328.62
2023-11-29 03:00:00,327.96
2023-11-29 04:00:00,328.71999999999997
2023-11-29 05:00:00,328.5
2023-11-29 06:00:00,328.78
2023-11-29 23:00:00,327.2
2023-11-29 23:45:00,327.73999999999995
2023-11-30 01:00:00,328.47999999999996
2023-11-30 02:00:00,328.82
2023-11-30 03:00:00,328.4
2023-11-30 04:00:00,328.73999999999995
2023-11-30 05:00:00,328.47999999999996
2023-11-30 06:00:00,330.59999999999997
2023-11-30 23:00:00,328.12
2023-11-30 23:45:00,328.82
2023-12-01 01:00:00,327.68
2023-12-01 02:00:00,327.32
2023-12-01 03:00:00,327.15999999999997
2023-12-01 04:00:00,327.44
2023-12-01 05:00:00,326.97999999999996
2023-12-01 06:00:00,326.58
2023-12-01 23:00:00,326.71999999999997
2023-12-03 23:45:00,328.9
2023-12-04 01:00:00,329.21999999999997
2023-12-04 02:00:00,328.64
2023-12-04 03:00:00,327.85999999999996
2023-12-04 04:00:00,328.53999999999996
2023-12-04 05:00:00,328.5
2023-12-04 06:00:00,328.12
2023-12-04 23:00:00,328.88
2023-12-04 23:45:00,326.32
2023-12-05 01:00:00,326.2
2023-12-05 02:00:00,325.28
2023-12-05 03:00:00,326.32
2023-12-05 04:00:00,325.64
2023-12-05 05:00:00,325.65999999999997
2023-12-05 06:00:00,324.14
2023-12-05 23:00:00,326.09999999999997
2023-12-05 23:45:00,325.97999999999996
2023-12-06 01:00:00,327.06
2023-12-06 02:00:00,326.88
2023-12-06 03:00:00,326.73999999999995
2023-12-06 04:00:00,326.12
2023-12-06 05:00:00,325.94
2023-12-06 06:00:00,325.35999999999996
2023-12-06 23:00:00,326.29999999999995
2023-12-06 23:45:00,324.09999999999997
2023-12-07 01:00:00,323.29999999999995
2023-12-07 02:00:00,324.18
2023-12-07 03:00:00,324.56
2023-12-07 04:00:00,325.18
2023-12-07 05:00:00,324.9
2023-12-07 06:00:00,324.47999999999996
2023-12-07 23:00:00,324.18
2023-12-07 23:45:00,326.96
2023-12-08 01:00:00,327.0
2023-12-08 02:00:00,327.96
2023-12-08 03:00:00,327.53999999999996
2023-12-08 04:00:00,328.68
2023-12-08 05:00:00,328.71999999999997
2023-12-08 06:00:00,328.7
2023-12-08 23:00:00,328.71999999999997
2023-12-10 23:45:00,329.62
2023-12-11 01:00:00,328.09999999999997
2023-12-11 02:00:00,327.52
2023-12-11 03:00:00,327.88
2023-12-11 04:00:00,328.32
2023-12-11 05:00:00,329.18
2023-12-11 06:00:00,329.71999999999997
2023-12-11 23:00:00,327.96
2023-12-11 23:45:00,331.0
2023-12-12 01:00:00,331.14
2023-12-12 02:00:00,330.85999999999996
2023-12-12 03:00:00,331.41999999999996
2023-12-12 04:00:00,331.82
2023-12-12 05:00:00,331.58
2023-12-12 05:00:01,331.58
2023-12-12 06:00:00,332.0
2023-12-12 23:00:00,331.97999999999996
2023-12-12 23:45:00,331.29999999999995
2023-12-13 01:00:00,331.12
2023-12-13 02:00:00,330.7
2023-12-13 03:00:00,330.06
2023-12-13 04:00:00,329.53999999999996
2023-12-13 05:00:00,329.44
2023-12-13 06:00:00,328.71999999999997
2023-12-13 23:00:00,328.67999999999995
2023-12-13 23:45:00,334.0
2023-12-14 01:00:00,334.85999999999996
2023-12-14 02:00:00,333.08
2023-12-14 03:00:00,333.09999999999997
2023-12-14 04:00:00,333.9
2023-12-14 05:00:00,333.34
2023-12-14 06:00:00,333.4
2023-12-14 23:00:00,333.47999999999996
2023-12-14 23:45:00,335.2
2023-12-15 01:00:00,337.56
2023-12-15 02:00:00,337.76
2023-12-15 03:00:00,337.44
2023-12-15 04:00:00,337.47999999999996
2023-12-15 05:00:00,336.79999999999995
2023-12-15 06:00:00,335.7
2023-12-15 23:00:00,335.38
2023-12-17 23:45:00,336.65999999999997
2023-12-18 01:00:00,335.73999999999995
2023-12-18 02:00:00,336.29999999999995
2023-12-18 03:00:00,336.58
2023-12-18 04:00:00,336.52
2023-12-18 05:00:00,335.94
2023-12-18 06:00:00,336.59999999999997
2023-12-18 23:00:00,334.96
2023-12-18 23:45:00,334.97999999999996
2023-12-19 01:00:00,335.52
2023-12-19 02:00:00,336.28
2023-12-19 03:00:00,336.35999999999996
2023-12-19 04:00:00,336.06
2023-12-19 05:00:00,335.9
2023-12-19 06:00:00,336.79999999999995
2023-12-19 23:00:00,335.32
2023-12-19 23:45:00,339.65999999999997
2023-12-20 01:00:00,340.35999999999996
2023-12-20 02:00:00,341.52
2023-12-20 03:00:00,342.35999999999996
2023-12-20 04:00:00,342.62
2023-12-20 05:00:00,342.71999999999997
2023-12-20 06:00:00,343.44
2023-12-20 23:00:00,340.4
2023-12-20 23:45:00,340.79999999999995
2023-12-21 01:00:00,339.71999999999997
2023-12-21 02:00:00,341.17999999999995
2023-12-21 03:00:00,340.58
2023-12-21 04:00:00,340.34
2023-12-21 05:00:00,340.44
2023-12-21 06:00:00,341.23999999999995
2023-12-21 23:00:00,341.47999999999996
2023-12-21 23:45:00,344.64
2023-12-22 01:00:00,342.82
2023-12-22 02:00:00,343.5
2023-12-22 03:00:00,343.59999999999997
2023-12-22 04:00:00,343.47999999999996
2023-12-22 05:00:00,343.12
2023-12-22 06:00:00,342.53999999999996
2023-12-22 23:00:00,342.4
2023-12-25 23:45:00,344.26
2023-12-26 01:00:00,342.71999999999997
2023-12-26 02:00:00,343.03999999999996
2023-12-26 03:00:00,343.06
2023-12-26 04:00:00,343.64
2023-12-26 05:00:00,343.88
2023-12-26 06:00:00,343.78
2023-12-26 23:00:00,342.7
2023-12-26 23:45:00,344.59999999999997
2023-12-27 01:00:00,345.53999999999996
2023-12-27 02:00:00,344.97999999999996
2023-12-27 03:00:00,345.71999999999997
2023-12-27 04:00:00,346.28
2023-12-27 05:00:00,346.21999999999997
2023-12-27 06:00:00,348.03999999999996
2023-12-27 23:00:00,344.44
2023-12-27 23:45:00,348.17999999999995
2023-12-28 01:00:00,350.34
2023-12-28 02:00:00,351.23999999999995
2023-12-28 03:00:00,351.26
2023-12-28 04:00:00,350.9
2023-12-28 05:00:00,351.14
2023-12-28 06:00:00,354.08
2023-12-28 23:00:00,354.2
2024-01-02 00:45:00,350.71999999999997
2024-01-02 01:00:00,351.5
2024-01-02 02:00:00,352.53999999999996
2024-01-02 03:00:00,353.06
2024-01-02 04:00:00,355.2
2024-01-02 05:00:00,356.5
2024-01-02 06:00:00,355.35999999999996
2024-01-02 23:00:00,355.5
2024-01-02 23:45:00,350.91999999999996
2024-01-03 01:00:00,347.82
2024-01-03 02:00:00,347.64
2024-01-03 03:00:00,347.2
2024-01-03 04:00:00,346.41999999999996
2024-01-03 05:00:00,346.35999999999996
2024-01-03 06:00:00,345.35999999999996
2024-01-03 23:00:00,347.94
2024-01-03 23:45:00,342.28
2024-01-04 01:00:00,341.91999999999996
2024-01-04 02:00:00,342.21999999999997
2024-01-04 03:00:00,341.62
2024-01-04 04:00:00,341.78
2024-01-04 05:00:00,341.71999999999997
2024-01-04 06:00:00,342.15999999999997
2024-01-04 23:00:00,342.12
2024-01-04 23:45:00,341.84
2024-01-05 01:00:00,341.64
2024-01-05 02:00:00,342.08
2024-01-05 03:00:00,341.79999999999995
2024-01-05 04:00:00,340.94
2024-01-05 05:00:00,341.21999999999997
2024-01-05 06:00:00,340.7
2024-01-05 23:00:00,341.94
2024-01-07 23:45:00,342.94
2024-01-08 01:00:00,341.38
2024-01-08 02:00:00,340.4
2024-01-08 03:00:00,340.03999999999996
2024-01-08 04:00:00,339.96
2024-01-08 05:00:00,339.9
2024-01-08 05:00:01,339.9
2024-01-08 06:00:00,340.06
2024-01-08 23:00:00,342.73999999999995
2024-01-08 23:45:00,344.52
2024-01-09 01:00:00,340.7
2024-01-09 02:00:00,340.34
2024-01-09 03:00:00,339.94
2024-01-09 04:00:00,338.85999999999996
2024-01-09 05:00:00,338.85999999999996
2024-01-09 06:00:00,338.14
2024-01-09 23:00:00,343.06
2024-01-09 23:45:00,338.32
2024-01-10 01:00:00,335.47999999999996
2024-01-10 02:00:00,334.94
2024-01-10 03:00:00,334.73999999999995
2024-01-10 04:00:00,334.79999999999995
2024-01-10 05:00:00,334.58
2024-01-10 06:00:00,334.84
2024-01-10 23:00:00,336.29999999999995
2024-01-10 23:45:00,335.06
2024-01-11 01:00:00,335.0
2024-01-11 02:00:00,334.58
2024-01-11 03:00:00,335.0
2024-01-11 04:00:00,334.96
2024-01-11 05:00:00,334.97999999999996
2024-01-11 06:00:00,335.67999999999995
2024-01-11 23:00:00,334.96
2024-01-11 23:45:00,333.84
2024-01-12 01:00:00,334.46
2024-01-12 02:00:00,333.41999999999996
2024-01-12 03:00:00,332.79999999999995
2024-01-12 04:00:00,331.38
2024-01-12 05:00:00,331.41999999999996
2024-01-12 06:00:00,331.78
2024-01-12 23:00:00,332.59999999999997
2024-01-14 23:45:00,332.58
2024-01-15 01:00:00,332.59999999999997
2024-01-15 02:00:00,333.79999999999995
2024-01-15 03:00:00,333.09999999999997
2024-01-15 04:00:00,332.82
2024-01-15 05:00:00,332.29999999999995
2024-01-15 06:00:00,333.12
2024-01-15 23:00:00,333.84
2024-01-15 23:45:00,330.58
2024-01-16 01:00:00,329.94
2024-01-16 02:00:00,329.79999999999995
2024-01-16 03:00:00,330.29999999999995
2024-01-16 04:00:00,329.65999999999997
2024-01-16 05:00:00,329.58
2024-01-16 06:00:00,328.03999999999996
2024-01-16 23:00:00,328.14
2024-01-16 23:45:00,329.65999999999997
2024-01-17 01:00:00,322.82
2024-01-17 02:00:00,321.34
2024-01-17 03:00:00,320.5
2024-01-17 04:00:00,321.38
2024-01-17 05:00:00,320.14
2024-01-17 06:00:00,319.58
2024-01-17 23:00:00,319.44
2024-01-17 23:45:00,320.56
2024-01-18 01:00:00,321.5
2024-01-18 02:00:00,320.64
2024-01-18 03:00:00,321.26
2024-01-18 04:00:00,319.47999999999996
2024-01-18 05:00:00,320.96
2024-01-18 06:00:00,321.21999999999997
2024-01-18 23:00:00,321.28
2024-01-18 23:45:00,325.64
2024-01-19 01:00:00,325.67999999999995
2024-01-19 02:00:00,325.23999999999995
2024-01-19 03:00:00,325.47999999999996
2024-01-19 04:00:00,325.08
2024-01-19 05:00:00,324.41999999999996
2024-01-19 06:00:00,326.0
2024-01-19 23:00:00,325.78
2024-01-21 23:45:00,330.2
2024-01-22 01:00:00,327.58
2024-01-22 02:00:00,328.06
2024-01-22 03:00:00,328.17999999999995
2024-01-22 04:00:00,327.5
2024-01-22 05:00:00,327.35999999999996
2024-01-22 06:00:00,326.76
2024-01-22 23:00:00,328.58
2024-01-22 23:45:00,328.08
2024-01-23 01:00:00,327.97999999999996
2024-01-23 02:00:00,327.82
2024-01-23 03:00:00,327.67999999999995
2024-01-23 04:00:00,327.62
2024-01-23 05:00:00,328.14
2024-01-23 06:00:00,328.32
2024-01-23 23:00:00,327.79999999999995
2024-01-23 23:45:00,328.59999999999997
2024-01-24 01:00:00,325.96
2024-01-24 02:00:00,326.62
2024-01-24 03:00:00,326.62
2024-01-24 04:00:00,326.53999999999996
2024-01-24 05:00:00,326.26
2024-01-24 06:00:00,326.65999999999997
2024-01-24 23:00:00,325.58
2024-01-24 23:45:00,327.15999999999997
2024-01-25 01:00:00,326.09999999999997
2024-01-25 02:00:00,325.59999999999997
2024-01-25 03:00:00,326.79999999999995
2024-01-25 04:00:00,327.29999999999995
2024-01-25 05:00:00,327.35999999999996
2024-01-25 06:00:00,327.23999999999995
2024-01-25 23:00:00,326.26
2024-01-25 23:45:00,325.0
2024-01-26 01:00:00,329.79999999999995
2024-01-26 02:00:00,329.71999999999997
2024-01-26 03:00:00,329.84
2024-01-26 04:00:00,328.41999999999996
2024-01-26 05:00:00,328.7
2024-01-26 06:00:00,327.56
2024-01-26 23:00:00,328.58
2024-01-28 23:45:00,329.14
2024-01-29 01:00:00,332.0
2024-01-29 02:00:00,332.06
2024-01-29 03:00:00,332.47999999999996
2024-01-29 04:00:00,332.91999999999996
2024-01-29 05:00:00,333.28
2024-01-29 06:00:00,331.56
2024-01-29 23:00:00,329.88
2024-01-29 23:45:00,333.52
2024-01-30 01:00:00,332.64
2024-01-30 02:00:00,331.35999999999996
2024-01-30 03:00:00,330.53999999999996
2024-01-30 04:00:00,330.97999999999996
2024-01-30 05:00:00,331.12
2024-01-30 06:00:00,330.82
2024-01-30 23:00:00,333.4
2024-01-30 23:45:00,328.17999999999995
2024-01-31 01:00:00,329.03999999999996
2024-01-31 02:00:00,328.88
2024-01-31 03:00:00,329.67999999999995
2024-01-31 04:00:00,329.35999999999996
2024-01-31 05:00:00,329.35999999999996
2024-01-31 06:00:00,329.17999999999995
2024-01-31 23:00:00,330.0
2024-01-31 23:45:00,328.26
2024-02-01 01:00:00,332.9
2024-02-01 02:00:00,334.5
2024-02-01 03:00:00,334.52
2024-02-01 04:00:00,334.47999999999996
2024-02-01 05:00:00,334.09999999999997
2024-02-01 06:00:00,334.52
2024-02-01 23:00:00,332.94
2024-02-01 23:45:00,337.91999999999996
2024-02-02 01:00:00,342.91999999999996
2024-02-02 02:00:00,344.06
2024-02-02 03:00:00,344.06
2024-02-02 04:00:00,344.41999999999996
2024-02-02 05:00:00,344.53999999999996
2024-02-02 06:00:00,346.28
2024-02-02 23:00:00,346.32
2024-02-04 23:45:00,344.88
2024-02-05 01:00:00,340.73999999999995
2024-02-05 02:00:00,340.56
2024-02-05 03:00:00,341.17999999999995
2024-02-05 04:00:00,341.91999999999996
2024-02-05 05:00:00,342.47999999999996
2024-02-05 06:00:00,341.91999999999996
2024-02-05 23:00:00,338.9
2024-02-05 23:45:00,340.08
2024-02-06 01:00:00,339.53999999999996
2024-02-06 02:00:00,340.09999999999997
2024-02-06 03:00:00,341.17999999999995
2024-02-06 04:00:00,341.44
2024-02-06 05:00:00,340.65999999999997
2024-02-06 06:00:00,340.4
2024-02-06 23:00:00,338.53999999999996
2024-02-06 23:45:00,342.4
2024-02-07 01:00:00,346.62
2024-02-07 02:00:00,345.94
2024-02-07 03:00:00,344.44
2024-02-07 04:00:00,344.38
2024-02-07 05:00:00,345.44
2024-02-07 06:00:00,345.12
2024-02-07 23:00:00,346.4
2024-02-07 23:45:00,346.71999999999997
2024-02-08 01:00:00,347.46
2024-02-08 02:00:00,347.17999999999995
2024-02-08 03:00:00,346.59999999999997
2024-02-08 04:00:00,345.46
2024-02-08 05:00:00,346.03999999999996
2024-02-08 06:00:00,345.06
2024-02-08 23:00:00,346.2
2024-02-12 23:45:00,346.2
2024-02-13 01:00:00,346.2
2024-02-13 02:00:00,346.2
2024-02-13 03:00:00,346.2
2024-02-13 04:00:00,346.2
2024-02-13 05:00:00,346.2
2024-02-13 06:00:00,346.2
2024-02-13 23:00:00,346.2
2024-02-13 23:45:00,346.2
2024-02-14 01:00:00,346.2
2024-02-14 02:00:00,346.2
2024-02-14 03:00:00,346.2
2024-02-14 04:00:00,346.2
2024-02-14 05:00:00,346.2
2024-02-14 05:00:01,346.2
2024-02-14 06:00:00,345.23999999999995
2024-02-14 23:00:00,344.23999999999995
2024-02-14 23:45:00,349.09999999999997
2024-02-15 01:00:00,345.15999999999997
2024-02-15 02:00:00,345.52
2024-02-15 03:00:00,345.41999999999996
2024-02-15 04:00:00,344.71999999999997
2024-02-15 05:00:00,345.0
2024-02-15 06:00:00,344.97999999999996
2024-02-15 23:00:00,347.06
2024-02-15 23:45:00,347.61999999999995
2024-02-16 01:00:00,346.64
2024-02-16 02:00:00,347.11999999999995
2024-02-16 03:00:00,348.02
2024-02-16 04:00:00,348.15999999999997
2024-02-16 05:00:00,348.4
2024-02-16 06:00:00,348.35999999999996
2024-02-16 23:00:00,346.0
2024-02-18 23:45:00,349.03999999999996
2024-02-19 01:00:00,353.34
2024-02-19 02:00:00,352.7
2024-02-19 03:00:00,353.4
2024-02-19 04:00:00,353.91999999999996
2024-02-19 05:00:00,354.06
2024-02-19 06:00:00,353.97999999999996
2024-02-19 23:00:00,353.94
2024-02-19 23:45:00,353.29999999999995
2024-02-20 01:00:00,349.0
2024-02-20 02:00:00,348.88
2024-02-20 03:00:00,348.11999999999995
2024-02-20 04:00:00,348.28
2024-02-20 05:00:00,348.23999999999995
2024-02-20 06:00:00,349.44
2024-02-20 23:00:00,349.47999999999996
2024-02-20 23:45:00,349.35999999999996
2024-02-21 01:00:00,349.41999999999996
2024-02-21 02:00:00,348.32
2024-02-21 03:00:00,348.26
2024-02-21 04:00:00,349.26
2024-02-21 05:00:00,349.02
2024-02-21 06:00:00,348.78
2024-02-21 23:00:00,348.08
2024-02-21 23:45:00,352.06
2024-02-22 01:00:00,349.9
2024-02-22 02:00:00,350.29999999999995
2024-02-22 03:00:00,349.96
2024-02-22 04:00:00,350.52
2024-02-22 05:00:00,350.5
2024-02-22 06:00:00,350.56
2024-02-22 23:00:00,351.03999999999996
2024-02-22 23:45:00,353.82
2024-02-23 01:00:00,353.52
2024-02-23 02:00:00,352.46
2024-02-23 03:00:00,352.21999999999997
2024-02-23 04:00:00,351.79999999999995
2024-02-23 05:00:00,351.38
2024-02-23 06:00:00,351.85999999999996
2024-02-23 23:00:00,351.9
2024-02-26 23:00:00,348.09999999999997
2024-02-26 23:45:00,348.15999999999997
2024-02-27 01:00:00,348.71999999999997
2024-02-27 02:00:00,347.11999999999995
2024-02-27 03:00:00,347.2
2024-02-27 04:00:00,346.15999999999997
2024-02-27 05:00:00,346.15999999999997
2024-02-27 06:00:00,345.5
2024-02-27 23:00:00,348.2
2024-02-27 23:45:00,346.11999999999995
2024-02-28 01:00:00,348.67999999999995
2024-02-28 02:00:00,349.11999999999995
2024-02-28 03:00:00,350.73999999999995
2024-02-28 04:00:00,350.34
2024-02-28 05:00:00,350.52
2024-02-28 06:00:00,349.97999999999996
2024-02-28 23:00:00,347.53999999999996
2024-02-28 23:45:00,347.61999999999995
2024-02-29 01:00:00,348.08
2024-02-29 02:00:00,349.11999999999995
2024-02-29 03:00:00,349.11999999999995
2024-02-29 04:00:00,349.38
2024-02-29 05:00:00,349.32
2024-02-29 06:00:00,348.26
2024-02-29 23:00:00,348.59999999999997
2024-03-03 23:45:00,352.7
2024-03-04 01:00:00,353.53999999999996
2024-03-04 02:00:00,353.7
2024-03-04 03:00:00,354.06
2024-03-04 04:00:00,354.14
2024-03-04 05:00:00,354.35999999999996
2024-03-04 06:00:00,354.08
2024-03-04 23:00:00,354.61999999999995
2024-03-04 23:45:00,352.47999999999996
2024-03-05 01:00:00,352.91999999999996
2024-03-05 02:00:00,351.71999999999997
2024-03-05 03:00:00,352.34
2024-03-05 04:00:00,352.09999999999997
2024-03-05 05:00:00,352.34
2024-03-05 06:00:00,350.38
2024-03-05 23:00:00,350.47999999999996
2024-03-05 23:45:00,348.91999999999996
2024-03-06 01:00:00,348.08
2024-03-06 02:00:00,348.32
2024-03-06 03:00:00,349.34
2024-03-06 04:00:00,349.32
2024-03-06 05:00:00,349.56
2024-03-06 06:00:00,349.41999999999996
2024-03-06 23:00:00,349.44
2024-03-06 23:45:00,350.85999999999996
2024-03-07 01:00:00,350.34
2024-03-07 02:00:00,348.84
2024-03-07 03:00:00,348.79999999999995
2024-03-07 04:00:00,349.41999999999996
2024-03-07 05:00:00,349.59999999999997
2024-03-07 06:00:00,349.84
2024-03-07 23:00:00,349.94
2024-03-07 23:45:00,354.29999999999995
2024-03-08 01:00:00,355.7
2024-03-08 02:00:00,354.65999999999997
2024-03-08 03:00:00,353.94
2024-03-08 04:00:00,354.03999999999996
2024-03-08 05:00:00,354.26
2024-03-08 06:00:00,354.88
2024-03-08 23:00:00,355.11999999999995
2024-03-10 23:45:00,352.28
2024-03-11 01:00:00,353.09999999999997
2024-03-11 02:00:00,352.85999999999996
2024-03-11 03:00:00,352.7
2024-03-11 04:00:00,352.08
2024-03-11 05:00:00,351.65999999999997
2024-03-11 06:00:00,351.82
2024-03-11 23:00:00,351.9
2024-03-11 23:45:00,352.97999999999996
2024-03-12 01:00:00,352.7
2024-03-12 02:00:00,353.09999999999997
2024-03-12 03:00:00,352.84
2024-03-12 04:00:00,352.82
2024-03-12 05:00:00,352.76
2024-03-12 06:00:00,354.5
2024-03-12 23:00:00,354.53999999999996
2024-03-12 23:45:00,355.88
2024-03-13 01:00:00,355.4
2024-03-13 02:00:00,355.7
2024-03-13 03:00:00,356.15999999999997
2024-03-13 04:00:00,355.11999999999995
2024-03-13 05:00:00,355.29999999999995
2024-03-13 06:00:00,356.06
2024-03-13 23:00:00,356.4
2024-03-13 23:45:00,356.84
2024-03-14 01:00:00,358.23999999999995
2024-03-14 02:00:00,358.79999999999995
2024-03-14 03:00:00,358.35999999999996
2024-03-14 04:00:00,358.9
2024-03-14 05:00:00,359.11999999999995
2024-03-14 06:00:00,359.15999999999997
2024-03-14 23:00:00,359.52
2024-03-14 23:45:00,359.52
2024-03-15 01:00:00,359.52
2024-03-15 02:00:00,359.52
2024-03-15 03:00:00,359.52
2024-03-15 04:00:00,359.52
2024-03-15 05:00:00,359.52
2024-03-15 05:00:01,359.52
2024-03-15 06:00:00,358.78
2024-03-15 23:00:00,361.78
2024-03-17 23:45:00,359.76
2024-03-18 01:00:00,359.4
2024-03-18 02:00:00,359.76
2024-03-18 03:00:00,359.84
2024-03-18 04:00:00,359.42
2024-03-18 05:00:00,359.92
2024-03-18 06:00:00,360.74
2024-03-18 23:00:00,359.08
2024-03-18 23:45:00,358.1
2024-03-19 01:00:00,355.04
2024-03-19 02:00:00,355.26
2024-03-19 03:00:00,355.0
2024-03-19 04:00:00,355.94
2024-03-19 05:00:00,355.64
2024-03-19 06:00:00,356.84
2024-03-19 23:00:00,356.04
2024-03-19 23:45:00,359.88
2024-03-20 01:00:00,361.42
2024-03-20 02:00:00,361.86
2024-03-20 03:00:00,362.48
2024-03-20 04:00:00,362.38
2024-03-20 05:00:00,362.42
2024-03-20 06:00:00,362.7
2024-03-20 23:00:00,360.52
2024-03-20 23:45:00,369.32
2024-03-21 01:00:00,370.58
2024-03-21 02:00:00,372.18
2024-03-21 03:00:00,372.36
2024-03-21 04:00:00,373.24
2024-03-21 05:00:00,373.16
2024-03-21 06:00:00,372.88
2024-03-21 23:00:00,368.62
2024-03-21 23:45:00,372.52
2024-03-22 01:00:00,371.86
2024-03-22 02:00:00,370.98
2024-03-22 03:00:00,370.82
2024-03-22 04:00:00,371.0
2024-03-22 05:00:00,371.5
2024-03-22 06:00:00,371.18
2024-03-22 23:00:00,373.9
2024-03-24 23:45:00,373.3
2024-03-25 01:00:00,371.18
2024-03-25 02:00:00,370.56
2024-03-25 03:00:00,369.76
2024-03-25 04:00:00,369.7
2024-03-25 05:00:00,369.8
2024-03-25 06:00:00,370.02
2024-03-25 23:00:00,371.34
2024-03-25 23:45:00,373.2
2024-03-26 01:00:00,376.14
2024-03-26 02:00:00,375.94
2024-03-26 03:00:00,374.08
2024-03-26 04:00:00,374.1
2024-03-26 05:00:00,374.3
2024-03-26 06:00:00,373.72
2024-03-26 23:00:00,375.28
2024-03-26 23:45:00,371.72
2024-03-27 01:00:00,374.0
2024-03-27 02:00:00,374.14
2024-03-27 03:00:00,373.7
2024-03-27 04:00:00,374.28
2024-03-27 05:00:00,373.94
2024-03-27 06:00:00,373.9
2024-03-27 23:00:00,373.98
2024-03-27 23:45:00,373.22
2024-03-28 01:00:00,373.54
2024-03-28 02:00:00,374.18
2024-03-28 03:00:00,374.8
2024-03-28 04:00:00,374.54
2024-03-28 05:00:00,374.2
2024-03-28 06:00:00,373.3
2024-03-28 23:00:00,373.56
2024-03-28 23:45:00,375.28
2024-03-29 01:00:00,374.68
2024-03-29 02:00:00,375.84
2024-03-29 03:00:00,375.42
2024-03-29 04:00:00,375.22
2024-03-29 05:00:00,375.12
